26018627
70943747
36550123
15119124
61028007
95708974
40666386
51777547
67311021
12571735
98847764
13783688
25240059
62854896
64764070
1652570
50633180
80338881
27044667
98229572
62054762
2299719
45209929
1616129
9583922
64803398
75497554
78698247
55506500
59513457
72417406
33096272
3156181
55511256
14511455
65369886
45176552
69099981
18605546
73471002
76523443
73026223
13071881
11542525
73321262
33242971
34678867
93932940
34491972
40968417
5350388
27494778
94020021
40161019
71072039
94297142
63650756
18297692
88512236
52059395
95289408
11940939
54342712
3985256
25911741
59470187
71816854
93577109
76980141
2192461
39352097
26444625
42186957
3210838
66590854
32851037
53195308
29407364
84622719
69429696
45579302
29967976
10740392
90582258
5901320
25436425
57786467
66803344
44684878
98823638
24082154
54441690
95271227
33180534
52419219
63542158
48281444
95891737
17131430
88957143
