79525262
95359677
53488780
79667410
32556776
52320244
59545632
11705497
16117226
51849879
43552023
284124
36833577
76535754
8740984
17642830
90323652
99801228
61591554
67416794
32754587
66456384
65432278
49763057
20726568
73734676
59729463
53899487
22509776
92778760
6254648
16869937
28501167
70757815
48192647
26618697
43936164
5463504
46987962
3951169
11026693
77278769
21125087
35103375
32890095
97062326
64785126
43893854
28443641
87605132
94538567
50985925
59558757
6931795
35884582
36089967
17246967
85521092
29975308
53324106
55729932
93857315
95751422
47965736
39009393
34500247
85170706
7894847
39716458
72407193
26992881
99976884
33641838
47409790
71412265
95293944
66755093
14350789
51185560
23509318
57209273
28659188
46222493
56430242
2830308
45595787
14684188
35618190
73268579
16277227
69289677
38096124
15911087
62698578
34377297
40022086
84469284
80134295
13776592
97681984
47954469
15190769
76106816
21505143
39994856
92142983
69183823
31905949
62209361
27317050
75599558
70875972
47889430
7671302
10674536
93786666
33773023
82180253
22116366
12621277
43268078
54620153
84508929
16952005
17049088
22355934
85827558
50615201
45049526
64066560
67599513
6777839
6425480
51591297
14635852
75867229
79099046
5343581
62418320
84078508
95797497
8943299
10881169
78799712
82952518
51388417
808613
55809708
91439610
96540774
46304531
3905130
47167652
8055166
14313833
49398958
24670298
28458060
25933949
43408916
16850362
14146015
75580570
70919101
63093014
44118697
94617882
38512739
28951161
65928537
23839198
45941311
39990033
89009068
91173592
90784968
33892452
30532851
7822099
42830143
9198892
24214017
66514556
37557948
47919078
29428160
22707609
64269363
90896664
74040016
3684293
62185183
10036310
12347215
40745893
93915209
92177768
90091774
83297932
57253637
81710877
38187166
98839483
90929488
34908928
92637607
48913035
96468340
55382292
53933984
48428836
85310239
99761075
71288686
51934777
36355874
63242471
82929601
23681491
15687597
5905618
57387806
40782410
27342776
60484731
35665818
18253375
39100215
43308126
22712396
4909182
75020186
2307380
49437584
85203542
93064061
98315337
78340712
75344591
96636827
47896063
61437400
7489328
62822379
80373295
82471856
1416955
95391390
89778676
34339430
68843672
76703641
39992605
58628665
56169630
90794539
38287947
63277454
20314410
73356068
15814056
23430079
52945571
84482637
40343939
31694697
89054789
79446101
47516223
62486385
39415202
72415566
23165710
70519312
52578989
81617653
75581131
34752517
80764553
76835047
29637361
92443183
90797773
15458485
5756484
76068269
23905720
8566291
53835078
34308722
32759627
38708335
63709754
16890367
72353592
92513724
84195381
85737151
46961085
84422999
5417213
95154883
38702190
61409565
4126786
25458259
19055999
40778424
47588765
29435971
89697985
16958181
9882349
69925300
13293185
10207185
32317142
42456688
71070247
25027417
77845584
12393603
95209022
51809603
79671455
77326911
10978594
64289605
79497340
74875760
51266868
78955183
91158914
61525855
3405226
60708882
94296361
549036
27144690
92868303
47807254
52852936
70685641
62297812
48126746
14610603
75066558
95942138
42105994
57445020
75317560
60649511
72061014
48246859
28192721
97824353
8343773
66529717
1654392
53630606
82428259
16411275
55387601
48284655
60574927
48104897
84342322
63343538
72755604
51046486
79117137
97923313
94265678
14467308
17501023
82733456
26036657
19355020
15143159
6751123
92983961
73819054
44146428
6944752
82471824
37941115
6996469
43841605
31145392
32375505
48989366
20678464
60789409
2003931
99288565
5041729
75292245
47141696
76018052
8698168
28759209
52859145
64410803
52123209
40100337
15756921
95204388
69238548
36492414
84265225
65420439
7426103
94338886
89650224
17973310
55416334
19784481
68201747
42687897
17926218
73887626
72056294
47325415
47317971
98680486
57012804
51342866
32095999
57232608
17311850
90910942
80503738
69121984
47828634
19731559
16560319
1814312
7599478
53807825
38534520
60851417
19041450
71946103
21272074
77914198
41959166
30998065
5692022
60052116
36874710
69787880
37787653
30119396
20938604
17463585
54676343
63186960
63198379
91366128
34657772
64522828
97349873
22384008
49673197
32482258
96836789
58728325
94355507
5247442
8493307
46431805
39994421
91732510
41387540
29135582
66210383
44170836
47376604
74943938
24653444
26584908
35561983
18008934
36349689
88596118
28939221
53596267
48122365
63121089
32338212
99686609
73990267
7936870
17376761
62333568
14693633
25056173
34710140
4869919
16236965
2396329
44079842
37224638
66595224
66663809
35958195
63363652
48971935
49758948
86037543
68771554
88513458
21044615
98876256
53708010
84901289
37338744
49266758
77094095
71538702
50764369
63468589
5551491
3024724
5526483
54807102
84063727
92767426
26552487
41668700
21902868
62649577
12032527
58607505
76832623
6525796
27742906
20033216
56610139
15743605
22439271
28301647
99130876
26748918
81649513
63108979
79562730
53280773
77099725
67745859
54730062
57445474
45854203
17656068
40196031
15541808
10161275
47229358
32926434
87179651
42798895
92299107
4756159
51755721
87087209
73738145
23241511
27801861
5022144
74809651
73252886
76612753
12081838
76840093
83352908
53290528
62679290
72888239
11117365
67027783
13684032
56198277
97890789
74927543
58345995
35597942
31193729
17999612
42386440
11705456
60450538
85842325
43197198
20226496
54447551
33179516
58346511
88326370
61344056
12698339
64839911
82979565
87965165
40805155
75080945
54710122
78868038
58498727
77086644
81272185
37572141
48310146
65788913
3508227
70619366
83869509
66018034
35873546
21340650
51516493
88281533
85146081
95844942
3514911
39011553
20409311
42235260
89228881
30392287
45470168
46754411
11549829
36268181
16977588
65721722
6898314
57484676
3741815
63446774
88682108
49851681
29202124
56627546
1918135
95334743
16926679
753503
11879008
74387378
39285681
56045257
99423575
92555005
5874280
90577119
16556922
61226668
43482915
67599003
63136708
75698911
8782998
31542849
31773709
37420507
46470925
36736768
18157010
19671066
96086688
94628219
15791101
1208846
98648638
56347841
21884156
32600043
96461452
47134720
21643509
50590235
59128142
5593728
15389821
54520949
72161280
27836688
18599018
1654316
99538113
15019351
81664356
50932492
25669018
10966756
4185551
7890329
69722864
15718684
16218692
80238522
5952356
90102261
68352657
556814
4375207
64593630
10988981
88356743
88608732
25496752
6123216
14636777
68173212
37064778
61900849
22585191
59606921
71998989
30842874
47346169
80885262
91032353
26208170
64705185
67522733
28173207
18042936
41793185
18997056
94093518
2009209
28534450
48166768
76736795
32786463
42940519
59381030
46603524
58771356
27542122
72231651
84231205
72612805
20024127
42564962
11269713
68719064
41800162
89653771
46222756
72353865
41370581
51938765
73732123
73540919
30571402
23785616
43345987
37599518
44121582
12331474
21619205
99485721
9259257
33536033
36834626
85644211
10596435
93878242
43983471
34861885
34281159
96142090
67144938
6468077
46042378
96368999
87198250
57955495
96668532
11737764
47181538
60117748
77164314
69300545
94549088
27352507
50269760
40998389
73479203
90211603
60565817
12688543
53111651
5527707
96628225
39695728
72209282
89449883
5044912
87189898
76229759
42583747
75698810
48980565
72202727
21219857
22287494
80758593
99430929
71489037
38507982
10332639
33420314
62487594
86072910
85778035
33280214
34186003
42222082
11831854
56301356
23404604
7396064
31330933
72889833
18206616
76460626
61133442
77764107
39428164
88877121
82436991
76066024
8321974
80251400
40812869
32602293
52736687
95135960
92599169
87029780
93449688
31785075
42116793
89663264
10137128
90811413
80839837
9533439
19323589
50460720
27929169
4375381
40371145
65989261
88134573
78250617
46502183
44480032
38860313
69111362
10606459
76512043
13604052
2211882
10674227
61296678
48049281
18156008
89690686
70097687
53875010
71981134
66145682
4358040
51062275
55659877
85748862
16991223
5399601
98416340
99996427
91101036
28871815
34646003
10863322
4123295
9889876
77082703
44222069
31734642
2726598
40872669
8293926
65117756
96511845
71694777
31677475
86472839
26044390
59985159
98727038
18805512
60501220
91585629
9003020
41765395
89001838
43971588
16171860
24912992
98838354
43318287
6214549
70058987
53363225
42854884
14412347
20606858
77881414
62391237
78594991
50216980
2714969
42035478
34054954
8958347
9958568
68469843
85162971
21059040
51737388
74113201
37274442
5871427
33705559
24249767
42806848
8812098
25674602
64192139
29365947
73740532
3797652
92756401
62084650
9327004
1148665
76051629
8108762
82484126
76286944
3624420
45863943
39552787
95337997
45264007
93778186
67086000
77330133
56379863
91312402
70077112
67272873
5878523
847338
34214188
401623
56479457
58117417
75974973
72054031
2419637
25380086
287062
29034303
47449544
15118698
74899715
62997223
46114118
20259445
75543747
89736778
14416389
56479177
38820644
18844223
88701241
27372610
14717823
37378148
84469885
80997939
61354061
26348308
65912010
36181826
