99709333
10919521
49023712
70822183
31864002
572747
94050546
64991956
63324304
78348567
48863296
24747868
73730383
75013560
17637935
35336673
88761968
41690526
10863234
36104554
86006488
25037961
52651067
47804697
23014866
59365831
95364389
12147339
65614283
6709825
87007868
4773112
45076447
5911710
58167243
20491885
97034972
28424514
38784775
6473802
71971729
73622747
44104529
790292
98510672
30543615
27722161
28729600
46597206
83654421
63877951
12220665
24783922
24798739
79732435
11372361
72909940
97348662
45877755
18715518
42402054
27535296
70570620
52410058
41283466
74739328
15874479
77926638
87827483
97678245
58486147
6180465
30727591
39788027
68067820
84813228
25363219
92652246
68621270
13583280
77395142
91800951
62878718
72100539
71979349
86657800
7599565
11871966
75103433
91703988
51300712
20386623
12150675
60722513
69350777
43188340
28525797
87094863
67812575
91692252
10362653
74979053
5106491
34480395
69008267
56423115
63425473
38370878
9757559
77740560
25182898
45735653
16935742
95955012
4381613
75000897
16100043
44131191
21527749
76613718
48387370
89235509
24487296
46465652
86273119
30459486
54684391
69599301
59494475
43524481
22282733
18523472
28113327
66916758
89873825
65724242
78092916
69140696
43635751
63467296
88466692
9458769
35898866
50955800
39856482
88430949
82539142
55147298
79489489
54078064
74847071
77905426
47731764
88080735
6583369
4864807
71117859
35541600
25370968
84749523
8147120
74923564
20058134
27737493
61520930
35545763
32982713
50171684
23487660
80140806
68328525
89517612
58849513
65525429
98679933
69570962
27629419
67385894
31493448
37997297
1839440
98021384
48223502
86748984
65931647
80607652
21168509
92153068
48072224
34423489
48377835
15249782
78101313
73700881
37473
9782642
79072639
93303602
87472530
13257208
40504909
24707190
94208022
55722949
11853537
99145771
39365959
73103560
92022481
54309126
81016259
66392139
58640513
45397638
40228441
6915599
79726886
57115106
72546055
32040503
25761125
52455801
93358120
25213207
59681866
31499303
91231671
83740900
67993099
8917195
41828345
34773190
79597927
3922124
60153768
4700918
59585580
93096175
93843160
46035860
97633847
92646515
7394092
33679080
47469297
44039927
76901373
50915652
4059354
74652296
57460551
86356498
72231102
48590472
48679488
33810644
17677756
58522647
18801138
73108733
37738403
55761947
45548499
9854867
53824824
41825945
60009981
34738706
39005156
37455982
15453967
11709702
87705962
3831704
38462336
90170996
66871314
70959385
3629521
47265327
55175667
53811544
81361926
64309927
66890991
69311966
91584417
87163922
15129458
53927301
12593277
8088627
41973459
7340597
98729259
87576188
19433822
74275219
8796392
9359342
54921752
76693318
96063834
32883741
8587174
29245722
80272558
72361550
12233660
28127978
14676920
89381731
49717741
54534589
18774864
27716745
87620727
56655068
90145794
40770144
90872678
62616997
14461153
8326900
66426555
36922901
31026564
66364679
25015381
42789398
26734136
90213052
22830115
3064279
91909332
90929827
98298677
90104274
53349189
49562049
39957607
42975588
42753868
63839964
72534754
97568192
34532699
90235282
85077376
83247818
59981672
21212831
63417009
71382907
99437594
78138173
72109997
34160866
98659421
80215648
10012770
12295693
918458
77311963
97999500
759908
41839085
44128161
78108387
94389765
66577516
59992375
27137177
75581732
26560425
41769359
73406781
2037966
89239327
98047648
43151888
13336954
22206041
58724230
7203581
31190616
84771890
85051024
26457027
23714068
92281297
54282658
4862108
25449857
63711032
51054568
77824982
56413526
17875606
34366432
91765955
31412138
1224688
17813129
27391686
61221258
75134983
84394427
51497226
2189863
79096676
4076416
20275324
88743996
5350400
54877491
88937109
21750736
90343781
5996929
4973192
82019381
85588569
58727262
9061708
64236010
98467898
78606673
2412574
54985179
44663606
50862053
1117117
38630175
56212260
94132717
11972436
78716290
78961374
97011748
9844857
84710947
25925955
65611482
66025500
1915096
91729726
66542138
55956979
29856972
32473593
21001448
18719733
63356217
85544415
56159459
16745440
21501049
83062651
72747211
49141217
53708377
28775018
94127739
69607803
11951242
25866607
29729461
86906814
50035825
92790996
75101445
66314794
52588397
8953875
70387190
26138297
27801652
41509185
47096360
10146742
90970530
30887620
60347226
18986483
65285543
33076019
61197655
2048775
65050132
57370793
85077280
60706796
7090813
44067206
24715178
39807028
25907821
33123996
63176483
74472496
61584821
90422891
51768636
70151590
92491279
12685202
5955097
27104721
18607523
78712746
41710107
22090054
99205596
93036364
3596636
49654859
30669428
32965169
24001959
25851462
493127
3626278
85448432
18089251
5753088
64908854
72264094
13885062
28805135
27219369
87593915
73891029
95090304
52067356
50352796
707594
62523125
91553459
79364820
11618915
22008311
86061617
29526491
38678414
46669375
58084246
96293559
58070436
62640251
17612100
85574807
47555928
49993100
86069595
78014464
13209088
52370157
20488773
75814208
37765914
29949504
30811584
29375659
36227633
93687578
16183456
12477043
38771949
77209578
1087084
86609991
45799010
26635569
20433393
55884621
38582397
11814865
80547803
83176315
85889162
87661633
97726779
25518492
3159288
33828536
89785669
53346069
861765
21162604
10413038
55023542
32107948
20930821
59201880
28281576
57524085
63250310
87733816
10908215
60115045
16342924
56196561
67737033
95084610
39047147
77446062
70237358
51674770
23974688
53946437
1698933
66029981
60989566
3085640
71636324
46483368
9044040
80228548
49254060
22713385
71685777
12395537
184030
31137357
85808064
15985275
62834766
33629078
12463452
68608139
5342447
16812156
6418478
75568856
66018326
12819893
14809819
56155409
65496041
62916568
40121080
55723179
60666303
72358730
5837637
437172
1617691
19303299
9593947
12952984
59634772
46193560
12449896
70517336
92682877
87574338
95561745
27083404
36947245
79042932
45526112
82257731
51601093
34614696
15384836
44042948
40828412
51810814
52987480
81606010
22908201
23034449
77008747
4731495
46466341
92726072
14833446
24367871
33830721
63631800
63407688
32684731
79353153
67348235
83459269
95510339
56308501
86865606
30727327
78701800
8930527
59249946
41879032
81531737
37594848
39465270
64543716
9092962
81736074
94392940
72712963
39427898
29517560
13053846
94747074
96149469
91832013
45634860
40620881
93377437
5481079
32618284
79855197
64941773
30845951
38039931
1099454
90451587
14715080
20121368
77612258
26907838
5971407
60180472
37086895
17496903
75501390
34137848
63245168
9891664
22349091
91119305
27094344
94991735
45277888
89596349
80907043
28597044
60630228
83200925
42046578
63146509
19664055
45359000
57675209
64238054
70328326
65012969
66069897
381931
68596805
90360877
52694850
95163460
64068555
85659917
26259858
12626454
86186804
90707867
58436969
69118063
14915902
35497459
58495163
77159879
28673073
68258208
4864899
74502062
61226760
58163479
93879733
94094223
31822085
57672793
88788546
86728874
46504067
98796315
36527630
90622362
66375772
2765005
92593835
91374197
84962256
69426073
67768514
77948406
68281786
53084765
5171101
11402779
23195104
30689929
16391438
14053717
4031870
68767882
55973839
8320772
62558111
59142673
46493488
48195925
95193672
92276146
71098709
87597258
36790944
94606290
67724559
28980443
54312776
92095262
55209506
97572357
93625921
48814305
46857875
87408810
43774444
16721101
17380030
90047480
16251087
41039258
63991148
11584436
78518677
22334945
8565071
12857047
29718585
19466605
88538840
97170941
99640968
44592404
65089343
56551369
5773791
17276126
19915190
80206499
46014182
60221381
75291202
24352477
67246077
74653395
23294479
94295152
99522278
59933376
52488619
39263822
57695483
39764748
81355642
55805895
47919207
71270575
38541292
14269094
71754535
48075021
32799716
42219027
26287544
40691781
81499605
67320804
73924506
66238646
34962595
26515587
68883221
1101194
67665475
14412174
63813756
32756648
87155247
91034723
11238564
30904904
75971251
77470986
70216198
37830966
99339842
17253311
52637445
82182185
99662183
47130753
91766534
35799221
59265285
64477601
97837282
16106604
83219205
5266831
66177018
43544270
12939953
22812660
34702602
47785328
26577482
84615588
43526990
68037492
27575663
14553690
67401565
34769983
39617676
2465081
27160773
1462763
80259872
97840280
6835851
43521152
80878428
49447671
41295030
55032729
17478732
5002876
87016914
14805570
31154767
85473182
9759662
39431910
71001395
79921805
69420953
15823737
31402446
6057573
76371275
33941749
3536513
251301
4411311
48492824
61426619
39605925
21131563
81907756
49448617
74025831
44685125
75740026
12993928
42326048
88791369
99307135
67820995
41743870
64057679
3916886
53247230
49049171
96960628
6512602
91692339
60748494
24055398
36304423
12830048
4200494
90882117
27217213
67225775
52710489
80836915
97837956
67402076
94085745
42932596
15516382
81162735
51645028
29935724
1418214
41350951
52436485
53972160
73974722
35686156
84209322
60507161
38860809
31962265
10080944
4245032
82850879
27902725
72081680
13161764
58352718
39837936
508718
37286310
42294335
17164619
82250719
84404442
98796323
21447114
35833258
33249970
28545615
97805677
83625732
34150186
2538395
50153694
68416652
86513259
17817859
96796605
9452151
55826756
71624491
65574034
44035768
93629177
2062521
32375341
14576496
9280843
59961779
27185725
96565746
40603443
26673040
60676332
77354899
17342178
3569668
93862019
92196345
56843367
62679066
22109120
57621070
30422807
20663339
13662244
23342077
88228337
4907681
24076861
6662730
1717033
71039146
3999878
93398113
93135204
60442698
86005736
49558393
43343823
70554325
41933732
45853554
69445962
39597055
19741429
34005274
41047129
9094136
31915809
11327435
74065832
91941762
34200763
27412484
73729272
46961702
84153350
44016607
50077074
70163972
59641508
84833165
96496321
68429705
8880441
85356112
36997726
69448474
72508404
92737288
92367182
47443200
78844346
3039125
25369999
34044168
15474698
14016679
78914133
34822853
795675
15318067
20362767
7934918
24726741
58300010
92202645
33448070
70955889
22110345
99661386
88664471
52168500
12447307
26491468
62295759
28875607
15156256
74867937
54935311
79845106
82520355
78407406
51122097
21102299
86357564
79739825
82157471
74397810
68516335
61144955
50795993
508650
79228511
56010589
89935341
75920526
87502214
95968350
37785524
55558614
98830508
40218202
66299201
75092042
83908862
78240647
75661458
50334355
43223122
30283739
33169847
39285082
41696629
64561649
8167236
56000077
59040057
85745252
17735369
46902574
9676396
78652947
21097567
99021877
24901703
77251529
65075737
21596234
7321222
76558876
29584935
36589189
39362852
74065516
6485390
2123044
12869390
55659649
42409167
76709401
45178617
42483787
30063723
87379373
50380380
75903272
5105517
47490601
95474876
79536695
21160338
63100645
44908662
88755355
11810474
66142139
78351019
22703065
31806881
96569608
75787159
65179618
10690836
1539694
52206863
16328784
86745133
66158104
39812056
52370777
15277221
97296237
14694974
50602986
25060562
24375265
16419673
6585394
99311255
76624623
16990096
73850935
63563635
41780702
49240015
26879122
13802826
26237499
52565100
12663651
80692110
93913020
20768508
2162764
94172826
30981176
38081800
5954757
39299597
32934439
87855638
64888464
71740067
57113169
67239921
67728510
77798766
91171442
75052140
80849709
83870958
10527440
49665384
34794004
84556250
64361399
72387372
63417742
61237558
75066980
46000563
62122241
58130413
80697565
8513623
48034028
68216288
3394954
41121196
68126181
92843972
69217658
31591783
63464309
5703612
37167815
83966709
47592850
37767672
94794227
24912240
82404891
31111083
38296977
26400895
57466541
30375265
56464935
77765061
20109733
41460997
68958578
83975705
92368905
78557743
23580204
54591902
86457608
30368676
25046643
36103806
57958244
8102676
94860019
75484733
65549306
35297925
53010348
34758545
76453261
45869913
59522326
38566641
84224275
47684264
94368985
51133580
65200807
11982228
82969458
48210881
51259357
93329296
50487878
79882378
56055444
96958482
64814117
51827027
12319124
10895408
99882054
99868219
29624512
68174926
54777151
7821250
19526403
26998023
13599228
9783317
79086690
29695247
19858419
44963549
71839486
71049625
2289340
21996244
39600166
9980779
78325190
4101326
42925172
5268102
49470125
77834058
37993192
28563136
55377163
96510882
949530
20272601
6330992
82029574
40635186
13223925
98263555
9425734
16120040
60656645
66175981
84791958
35501938
11702196
48812825
63333461
34159538
23972189
31092159
17039278
52811675
54644559
58934901
71347919
49677171
70005065
64678352
54328630
62929370
43850786
36836508
30615003
39456017
42894878
15726744
38565408
99055800
78369201
72909639
78515684
23614946
50275773
97208892
25281143
50274947
5420675
30545173
22732414
36519585
6497600
16681555
50283607
95522391
67338244
61050088
52792392
43873313
86526
34267425
47940142
69279917
97061812
11737546
90059082
77902033
24684511
26375195
88929365
22348431
50890739
57890785
99800674
91803046
57099455
78781443
11584577
1731274
91119326
84046859
12771176
39030989
69719583
42947156
41135117
27147726
41112690
26659513
57627510
89011136
39112774
71050252
9122510
98919737
92932054
66382706
92730219
12407362
67004562
96109344
41438393
78925477
85105659
78178069
12355194
54604009
30228486
2816577
10284797
38829970
95466740
32908974
4320709
80085610
15663127
29904501
15556603
92313073
91647144
73036801
26283099
56973656
87303763
48770482
86999357
13129145
42343690
24177624
59636139
52795843
82678593
44798655
57231461
81077656
887726
66854015
4271557
8971900
3542896
93486545
77114836
48107736
88757647
43162874
51894447
11765886
14846112
25495781
59259451
39347751
38853430
62538103
60090953
22455718
78007491
13830460
61734026
72555827
75289036
97675468
59610018
73309418
10615022
75153507
37427673
20530277
21581413
62060661
52942835
69583306
44784248
29083739
28954683
49794786
7089363
78194956
79860337
80844422
62836785
90066167
65563185
40839093
25580051
50070900
4148716
44072798
37732235
93627023
4341689
24919
36610055
68692956
99709681
20988978
9285726
37773454
47592275
48247332
21350614
72771607
1614521
42223691
6667859
41715669
65337942
6903903
86577149
99068130
93373338
63590609
51130679
66734047
89206755
601926
60892382
64466349
87388652
95997595
33266804
57713999
82552706
33186129
19500234
5682766
87697652
36744338
37351418
56796872
6075191
40282198
92892776
25873565
2368116
62370529
94960109
80641619
99749046
6349599
37854464
90909866
7367088
66320471
87727348
88589871
29261317
88225575
36272740
20447657
83143570
65135475
97421481
14695383
43866053
24986563
59232888
3728399
33494072
62172305
52465944
27206211
7504114
24009258
48136999
84105693
2851230
62522220
6717841
65197034
65700397
79584967
18821756
45283381
5184534
12777359
4337005
82851000
44557837
18818864
82474831
28503877
64218604
89411741
37957088
74577354
20617668
14598611
41650544
98663662
76131917
83099343
2454759
53978541
42626914
7823045
50487595
22906954
31887143
46366725
99278965
60375973
18028946
20463633
24049045
57010593
6125793
76025385
43672006
53820674
30591134
15662117
22319069
46861654
61906134
50075775
61368742
60372608
25440931
64630629
9017985
64210268
97301333
66805337
44477953
88554409
22275534
39774813
92937319
44743830
64401278
49179340
6566318
19042463
87812256
43680822
661398
84784212
61274274
25773917
68075339
48487417
46492113
61224958
73249134
2563669
93262113
15531881
41886034
72695049
38343285
71075350
14282000
25245010
68116422
73402392
25349257
99801892
16062365
62082826
92820553
75268061
15413881
52887123
64767131
92900400
17882219
87762763
93029566
9016532
51074352
47418937
74380334
32870852
66154791
11770193
43185888
37412801
27087194
88567896
63234536
35475954
10072772
88750331
10894018
6154524
51073655
60772147
74900482
3305739
90118388
23808572
77201316
14917668
68675314
97850493
43028044
10807175
77287862
1015685
55356061
84739636
63518785
10412199
12072097
96948812
59546914
59397151
39119522
7537466
65169857
58805925
40420089
48711681
5772131
15865686
24618161
69031854
3042038
48184117
68056189
47877594
32712467
31408621
64944684
12097913
46999186
21807131
92924837
46054276
12941550
94128181
85039877
77147455
81389403
91666658
29953590
27336435
72593670
17755984
77725867
34364889
43524173
91741401
46011876
17580222
4963917
50649599
31249338
29551294
15948626
15561086
53172285
79986279
60783356
2210920
72796700
57851694
82087422
54536394
38619212
56693380
33383113
86661640
36329150
45659618
65980028
91410570
39862178
69415584
69016875
8674952
87471254
33299957
62836237
93977838
27235687
148589
73727894
36867869
26612864
78584354
49971710
98237628
95844752
28576379
21859803
78445874
7288891
4606526
29974256
60189253
36361824
39978729
9628994
9293456
35716149
78876902
68219237
64841969
646618
53457877
25310238
55866036
34734088
73282723
4843425
22150038
24812733
99461059
55408520
70928435
50055273
13920999
4961035
43848046
70664281
39709618
94127495
22763038
71201784
4646209
49752468
49800674
76178968
44487049
2969658
81042695
16157520
25429232
81089851
7986153
27703157
29874650
30598519
37883284
564977
71117944
95776518
2724935
54233918
86449220
21208924
355506
76506009
89396324
57751941
93239089
37370053
63566420
73732952
92520967
91122086
51461303
88386134
16949828
37773541
98826061
51053318
29347742
49800352
57562987
32091510
780184
1181037
12633758
3757457
72876316
3888978
9027847
19051379
1254215
99587768
68219589
31774349
26446078
8714716
63398588
8211438
79647468
63583126
81681844
81320624
24310741
8351501
63784726
6590846
49233644
59626255
29674195
29814039
26206903
65649276
33874076
50689648
54079275
27141463
76857563
23996548
77468320
94049437
45634558
67031019
3439890
20064611
18699664
65592025
99038226
80681518
75225069
91915276
79911848
3127084
42569373
34739216
13501204
77191028
72081059
96023785
97960558
57475301
21198266
41165779
91926502
35258607
89164692
61680304
86396599
71195288
36148897
42314280
72044491
90109233
62471614
38038464
66401392
54975338
38810496
47614223
97433187
40031024
98688508
52992991
20561624
97779088
92892940
45494760
49823092
66170335
71720491
99724731
61139371
15369706
55923380
11493222
24424123
83737223
19918436
34000570
77070349
35026604
81468218
80210856
53847779
53429360
75396203
36674947
50426202
79087865
93165121
67244398
28836910
97822183
11356841
88677912
62504071
66020057
480868
20081886
76868703
27300556
45467132
37613327
20684365
17149623
91982162
79480145
70228433
68978779
31258409
63196649
22722972
46639260
85317326
24913556
30981382
4810634
52669940
54118228
59729566
39869647
77179201
31574143
37736751
94910654
22158985
20114740
90656952
46057939
17306013
36748556
6889211
65494061
68951617
62266943
25551455
51490089
51322948
71786198
50876748
26227318
43903863
81847225
69258351
41513355
54415970
91306990
45077552
53638806
65581629
51167080
106264
35274757
22670245
35195900
99257597
96866605
63018231
68291873
10406603
11993882
6221604
56034162
51728380
26266032
68778737
31894061
52466706
89943207
92891582
27262084
17780452
19081551
10691783
46706840
43469293
30972247
53712969
8184711
41510505
76280765
50850806
84770840
81901359
71457269
27823960
20779919
76604441
30304203
69134687
54432481
54203281
80809582
74981010
19250230
23625986
72313632
64102734
17108182
94438115
97921983
59362772
73279066
1682369
26961052
36368602
14614339
43941862
71626110
52442101
61314644
30077958
4247984
3757404
40597695
55464906
39645539
51599862
52267079
92688117
26232903
78330933
14503755
60454230
61634532
82206275
49493473
55610282
29342899
61943861
69261512
23647161
99669298
2136682
62810522
82404426
77858508
478764
31190344
17602723
70899916
12617135
77902829
874471
88380144
902510
42828430
28156508
37722815
65010864
24080773
12084394
96097690
37847820
99016471
968407
83810566
44818087
76455725
30067313
72784104
24604823
15288537
81169413
43746214
18354713
83285741
61876780
68220990
94584382
72372351
24380104
86706190
1881582
29158146
91611764
86483524
58675746
64937363
35587766
48525664
57688149
70825299
97995342
55109842
41638043
74049944
16314825
23353295
36154650
64635936
95749072
5148884
77748989
90286175
2882653
91345275
32186067
74179684
87298815
38690175
81783690
13533339
2655710
71401383
23995409
52180569
55100612
1017342
85718225
81391467
49411231
70797010
32265933
68128540
62386004
57491334
62285972
96289132
18592526
51316165
55424676
17620410
68111879
12333313
19129138
87863942
51276591
18158288
61567284
89403307
53716168
44762037
91574187
88175136
77003819
78535308
70507979
92543548
27306232
37274572
84712345
52406698
80377680
90733163
60210008
68805699
24004552
25870213
46383641
97290922
6029888
7338326
59100513
50909776
99095918
90585946
42111633
99589269
31580238
43010810
4438558
83782938
1310357
79482479
24134089
88712545
8548157
3925946
82716674
33168359
73606563
60237171
53057516
46670411
83892676
44433224
14854663
12390213
94178405
712194
14247288
82695572
77789932
75480433
48470617
59589943
22634510
92059788
98353693
47260239
79989621
70372644
56306831
60451369
78749936
6013237
47075356
34279094
13454353
30302392
8158899
75579472
39038697
30931645
29503919
94119167
1043563
44895828
20580140
89733173
79855198
21651790
35366384
18931831
57160126
97477188
61189011
63742503
49527433
23302615
46087163
16630537
20889301
66013907
41400414
62768281
71206868
25701826
24463022
19497605
98330782
87034649
12263684
43987200
79222037
91033230
23245170
90518379
65484636
11798598
1938891
11447262
11688714
12049372
98122754
69967053
43754094
21422104
68821267
15895255
36429695
98530135
55165339
77677068
33222287
50722566
85859741
97681916
88574150
87638011
11985296
85991201
61881988
80630513
41146159
90741851
1754290
767788
65877783
59367951
28700345
74550385
87536936
65601705
97640194
18914957
82786625
23067874
51514602
49751812
33934222
53590392
82269853
87111955
23250112
84091067
35045291
61830091
27748764
99743271
5733199
8452584
22343376
65058582
7699954
60415180
19972492
14588958
45358126
12082634
83769342
62574553
33015751
12405134
1435029
55843880
26209033
80569885
38150728
37421397
35366915
55403154
49964692
42750457
62375311
19038608
93982067
23501128
62744005
29722520
53208717
89228034
49028339
29168883
45563538
79172733
96889944
54940719
51614468
33691465
85448193
9393091
43038297
78921085
23629571
13174598
97802811
10820458
29930501
79724381
64505750
75032840
36199014
15356241
2684337
13379886
16682246
45302539
33548365
21133935
29726217
62619744
27266966
23815248
65302214
90607076
90331862
20415613
3593732
45250405
83710642
42873020
65107571
58241508
96725843
11846201
9438937
5617934
36718990
44645087
12469372
44210736
8238454
22445349
32235773
31744542
68188135
91438813
10596408
84193179
42739618
14743750
23556187
77229712
29979874
17096928
29194078
80797451
81876267
3059486
50286952
93777304
52585202
36087279
48652911
17727710
41072546
28862035
98796453
94580567
30580512
51862092
97501459
50682759
41586077
70159866
11646693
20513868
11329310
24179528
85657217
45179182
26654247
89344024
97026573
62369728
90904609
30545442
54237296
34132516
37974289
44314898
74735343
72476888
50859592
14530063
42963712
29902401
50339908
95475637
93955122
78258911
87169653
7116102
77343589
90905524
97375442
3640428
79480475
75520426
33643645
29321250
68147487
64792326
84922259
5672766
96069050
17986245
88596739
82118407
708699
22746276
67342786
43159577
76011068
90771447
70259712
34282572
30114920
1480064
86876153
97836398
37702050
99793402
1718143
24343271
32333016
53232870
89493232
34211968
52662977
52825727
82684310
39941152
15037172
16202980
72780296
26077989
94168681
97590817
52061215
36268686
31413622
35736734
79835318
75030747
37555081
92648126
94566936
54987180
34006005
87128310
47409021
89427987
93118602
16285960
41480877
56014568
39661162
55134534
14413570
16039839
94709259
57973139
74249036
54985597
78133715
69955105
61643864
50776330
96474009
17740440
73061361
54851544
16858006
56588938
46313312
12344363
82066303
38310111
35357113
20943268
87055667
86896158
45983950
22536364
94362605
69032449
38458511
7289482
37211635
21523463
89380973
41367849
65310617
22941195
70921434
62278350
23477956
92344523
27773287
98669475
3615887
70561086
33657487
71100081
96250469
11688352
7156960
54535297
17670770
53864878
78514412
41779213
86856912
43949100
30669542
65721217
52522577
44817134
48853089
72293758
7420791
84360347
21531440
56786802
46910195
8596672
46314591
7620277
10968591
74441840
52894198
97480949
78419666
2872522
27532954
11694292
61227136
41381259
42237882
7306491
65553330
4961539
7918126
12873865
34447720
34481907
6776267
39826224
34621720
22196
3512114
1322261
83556177
52914587
11092875
84292764
45645119
12250233
53283229
50841927
70950772
19953352
89248172
63369647
9839491
12690958
81983942
98851524
49150134
86695665
67926218
46512796
8351187
62210480
82113162
43823715
10493509
79464226
62007030
18214696
13729614
17397561
41900459
26622468
78371343
16551106
47037826
15104737
17570364
37405937
2919698
42662375
15802409
15962094
81972827
41623399
40435572
28312473
9769190
93985853
92045908
49540618
38672584
24557575
5990474
42321462
70253718
92628444
47222372
34172076
68375810
31071417
43585169
11251392
2591327
9828430
89610010
74874199
60002002
76205437
61766162
6458012
22128794
62000304
62706634
22858430
76806289
77912663
88293007
15913174
88426504
41372623
46616077
77228913
98808439
75078373
635423
15620595
70676905
81442442
15591491
52455634
6791868
17208246
12316209
49983771
87744231
24657088
31774935
60046582
25354916
4618578
49223598
53742965
18248588
99746211
49670647
10879935
11641998
90522526
72749181
79094280
62370535
32448609
77609628
47918514
24931177
21493479
14319634
37546123
27751750
81755135
52061493
61719727
20114017
36195959
70938577
97741700
18648416
45141818
64594223
99685752
630605
87958825
82125137
33980368
38263487
11258714
89291562
31314881
70735828
76988871
36672172
39956361
7538777
72552688
10847800
16187385
32510218
35817511
97446612
67576096
86031814
6480694
93463917
98148461
46270131
79877139
75852498
29315944
74606541
66756845
84033551
40731967
44987141
26749956
56731139
66387254
12741600
8500722
11106888
2211403
23762278
93764224
35089480
27790289
1759834
10390781
69535466
80779708
28133491
82745379
36090806
70989741
38769088
41467542
4552343
30643044
88105643
7212033
24240653
63954390
62757607
16698869
11876605
10149227
95193646
71365139
2447138
68338916
56646289
26836115
46132988
91249927
87963477
37770548
25846618
57089929
8793744
94105076
85437020
11214054
72402672
98380789
52210249
62671029
62080321
14329808
67090947
99459221
47398306
61744238
5763771
73203619
52255394
63069985
57791188
55774525
39973268
3867612
27997196
58868359
72874908
29716345
34841817
64860039
51657835
63463836
22063352
59898898
74966603
88524682
3991500
33148827
20051254
16909501
30941018
32264140
55943841
90030183
9634862
32589548
56647161
78191255
53370402
70845686
36897416
28983569
85078121
86377195
92964379
93323488
4534712
62160897
25169539
14779727
93356407
16805231
61594913
89419659
85049073
40194512
63024614
56331155
42570575
78917104
77870343
97538667
35962076
86646305
21577708
46077928
68021496
7525953
69374493
77050811
63972052
6497220
2836697
41839866
49646064
56533772
32389837
59531181
48209028
56328884
26078918
7710827
11983326
3751968
12408528
44512053
66777805
48667925
8062197
55451767
87675835
82730374
96814073
56922487
17269406
11215813
77486093
85441640
28206252
92322478
14343097
23158243
23125192
75685262
79370230
53235125
95750755
20259313
35656051
42052556
4096338
10798392
46200405
49108386
70079756
39457131
48045722
8076299
81636808
57554832
19957390
69483731
3235829
53205680
367934
74078892
40367698
68855901
89863903
94448739
9976940
71615005
65673524
90160913
29549810
56003755
42942697
65770814
18781458
71097179
5099117
37176452
87719755
2642851
57336172
65479154
97589316
86036877
90796373
25843674
65134603
2217371
94366706
13765519
24002397
89130927
86949315
13582912
55663394
95085522
67549140
37497661
98857109
15501618
84250782
55415892
16357634
7366810
44318143
56144182
33973126
39881660
932798
56309205
9200990
96527987
29292399
24821812
69092429
25252583
21171161
51098635
44580540
31705829
14160684
67763954
52086225
64077834
75138791
32120753
8430655
49803370
83906398
20724022
10601989
15725413
55652109
10896052
24124688
35019659
27999645
3582774
76095421
38352515
45427268
36962798
83525916
79932609
82048020
20107373
83240704
5109173
47240286
82632442
19811856
63641598
90192772
94077266
55036510
57329696
47375735
98156979
49325086
48700529
97338174
26480345
19446341
6166528
32511934
20241124
78152584
82268466
78566242
88876821
49426255
35470186
60013943
34250007
33018702
95786774
24887965
65622684
32050916
93574431
80878892
27265902
85018024
52994545
56427134
71982925
74398185
57952333
74780391
12477601
4415482
35820947
56003702
26565425
22279659
1674649
85158278
69657818
90693966
26231480
52125944
79676842
18008657
49044512
73756845
59002536
71917979
91112332
92665825
7376993
46465595
84083217
89240442
84400036
69176078
99800883
99199494
56832318
93335804
44130196
89083705
78540460
25351413
62621262
42765420
92358250
55117226
23296133
51644619
95195866
64074774
75269052
62881030
33498184
53070427
19502224
16765462
70264921
82076595
63845691
87799249
59668713
9513608
80743116
95428666
48432062
14497524
87083656
27167071
5099546
61574569
93403212
22876781
49822610
52907168
87629465
10887172
5658864
66112284
6356860
27703170
55732335
37956525
49973753
96664078
94039597
67771308
80929905
41533978
39774690
35629775
35293797
242379
57467250
82796781
13965402
79424562
47719923
3105247
95029400
16179793
39161907
49335829
56224936
5068333
82297485
83089594
22278540
71726296
48794510
30304811
82283122
67876720
54209744
49198813
64061403
37924731
72683407
28316097
94403735
28905240
87928532
41427197
21512930
8127679
25019392
11731840
32078229
83380643
87166552
31144177
40072818
63346672
63173749
51836561
38082737
41176214
71865717
12506100
86506882
163871
11559596
55880312
64214721
33167552
53603230
21944852
48355761
54120028
75474410
15219882
77733520
19087215
23741891
98508529
47337969
49683179
69489226
48542984
15607246
12023945
66441461
54111884
54109850
11485871
60362294
72815290
58825441
90433978
3398239
41028505
81485153
64792935
45320413
95689606
80406879
3039357
17428267
51364798
65335903
38249589
60411035
63133193
67052730
58395997
26840754
62642277
74667452
60098098
38192320
89419697
2279826
70017945
50287169
32047202
58779854
74034732
36372932
46079782
35080902
61992088
57744087
19791888
85960988
29004173
454640
6069768
41643638
16386520
95499385
81813674
40546807
27974042
27022203
88203058
75490492
11840940
30565339
52085179
61737362
55674588
80332506
79780696
43729001
35752283
22350146
33452704
44148031
68527453
19373377
2525767
16022142
92988060
89276212
61101291
75258804
53608597
17368737
68555568
99159806
94863996
88209289
79307760
99079974
34370288
71604128
14645515
66728236
26674317
70428616
93792011
33736106
51770004
50881315
31558841
38796608
61699268
5598544
26423061
98899305
82404902
45920266
52677501
80753495
6360354
34853112
48141812
2368509
52266837
77471421
8736108
58979389
99738787
56774552
75985231
70249374
16683084
20602278
91086505
5075425
16075977
67222277
26799545
35444300
24890676
40193087
70230859
39293836
73298642
61444844
87575103
89665079
15531508
64940809
17014990
76847242
39406328
55005257
56196802
12027987
65229576
10883828
52130481
89878053
1926819
28489260
33635697
94403955
60748235
73691560
8399625
17857853
7428804
45433695
56985703
59024125
12558820
45841825
90254688
47245405
85795767
63406548
70063540
80140837
18969386
73192028
75826757
25802600
20105675
53255211
1082649
97781703
93834203
71404995
95315025
31094163
97816352
66890213
75138344
45868294
73216136
15316736
43957673
31880499
79501313
93581034
32154502
4051601
15755076
35842090
64228169
76324040
60700641
8203460
12662829
61574489
89136412
99883133
41228644
39032570
83147650
95631846
69388788
11974965
99915230
7467022
71404115
65284941
86338982
86700228
31167953
52767314
69846165
9104185
77004774
40285387
40827912
71117178
57387345
58019624
93367357
78648063
69123819
46727025
43509581
59782087
98030437
64732284
28560286
24167953
14813338
2592564
10799941
1927575
57444688
78056197
47972893
11040357
47135644
57293576
35029348
39067969
40197585
67412293
70151656
33752649
41322047
29122254
9618207
51004567
63723744
77578015
67366526
66371649
80244464
65120370
86957638
10089927
36276735
4739337
87213713
56507629
3164818
48163818
59816623
75531304
66672976
20586956
87587108
31589324
18320026
65140073
1530291
18946836
86244966
13068172
63432398
89256822
83469454
39972380
94108695
15708776
50933307
5108529
77995725
9392379
79365836
83508463
8208340
46107480
20939396
11277879
86360338
49813335
34835801
83370555
53962072
499194
65431485
13105772
97215768
46924014
5636036
47054467
68123645
84625829
71558430
97036051
79259310
25825000
45948468
88580481
53847314
14703600
19523920
89210658
27650217
31249253
7328988
94994553
36283797
16575899
62104355
72116138
33790539
86960360
63572695
99855366
74988975
17423749
3726261
60758564
42769312
67940338
87163921
49722410
96163179
10538266
67090862
82868562
36356427
1623258
47098550
77814116
83316875
17431397
71138557
43244364
20590162
79865482
85230638
42455285
74041192
34366423
20991036
28783910
96614450
18160416
24911125
62856985
68368390
95816246
74821085
77777691
10860930
16713568
54211375
63175796
62635550
14747358
61316060
5672359
47275060
94516989
62904521
66869780
68023227
42190812
13497006
50747381
79419548
85028418
22249880
51742419
33037638
60291152
68465952
26471467
38917377
90347198
95858057
95197031
1154340
51922102
5965088
68087215
29154153
29351243
75457395
6063661
16776900
87135572
43779733
97449911
91318866
13049663
71885186
18409738
66781864
91515551
98816638
41693175
58525310
3964515
81595521
69922407
6762258
55365870
24627994
73043693
76069006
87293973
31447198
23622394
12668296
89795418
98193008
48631282
1464654
89980393
58232416
92536088
15602316
63367956
74220278
73059360
36855973
62354611
3816683
81638115
51299784
59974124
87591153
42764191
93676923
68192648
13952860
94828204
90477574
36942801
87323052
99800839
20287591
33395261
40527755
76165272
43675092
67221551
25010037
62011914
47551652
24147060
67001709
66547857
62226951
35654696
36157125
836498
59955594
94432115
70489249
44494279
90027441
92870234
31504614
88689818
94780248
88925256
8163820
73390054
35434369
55168325
80020486
35367235
41130199
26429101
15912572
84252169
88063816
71891303
71523070
9277180
13087187
49029046
70957536
8591007
35171433
79202672
62473099
97705981
42803205
47617002
28737049
9461908
93639999
70323895
60641069
72360154
30071627
4032718
95219670
22200801
49106445
72041116
44772695
17151190
21054340
69080591
51748502
23248468
54299518
99200998
71991799
36052239
21772157
53589457
30845701
3151822
4587963
73582852
6226393
50462129
10209449
66673808
24652076
8424144
71263578
93374832
12060709
59750193
84498072
42873215
26273421
98477401
1387862
7940967
70797044
28731491
86946093
66837293
35516695
14945453
85444057
26159033
67593753
47102924
62144374
82107184
93017166
80936920
84823259
61929830
77511698
20070919
97286214
3676154
91833135
63643426
71685353
18565989
24746123
4934911
58578966
84488693
14071568
78111065
24044358
59565814
47337077
15060180
19113560
9932254
35830783
4595216
89216182
43410318
56274683
363307
90794603
78733286
2453238
14201253
12085234
91836012
35976686
56935
6934714
32419404
48077168
36014089
93418419
12121017
40319867
76090531
80875721
88696348
29135344
93999123
21672686
55203593
93468383
37733896
23683160
355393
46852911
76484741
38390958
41569125
34557270
24748104
37740694
48755197
4608634
55441912
84500150
84320748
41458175
6240913
20399112
81018122
72666446
41958643
63983511
34431646
74711678
23110624
47223289
41493652
20103133
31404406
19284756
27242467
36500787
49794967
29614304
6299153
11323314
23179933
70242755
85115864
11679830
45488547
377109
96680050
72784822
40053069
77506988
15562370
73025498
63142900
7140509
32868343
17661359
81103651
15669040
54547366
13199405
37087030
57934568
62405819
8790728
99927671
53195099
29363661
93020009
10452694
1587871
79045087
93484900
33548620
38819860
56884101
13228345
97550725
97582613
80903252
97291353
51393231
42029637
48685900
45389966
77024915
68570235
93020336
91058656
45186430
87566265
27760871
20734742
21703489
68299999
71181341
53632128
97147644
24371235
10290133
29302440
28118890
14242366
27863219
48301311
6810766
16251898
21271615
34796012
98467893
50238375
72040935
12664669
68517055
93534473
67348794
93653915
23417934
29820530
14730892
11042381
80470349
16591632
24654124
29004619
96327781
33723866
16781629
86464379
80982500
52628785
53517195
21973732
64679432
81415469
26037009
95341342
37423090
70065980
57058994
87833827
42867958
82755186
41771272
23174457
78369206
89337687
17436915
32472599
38442674
67949642
62328990
58874663
43045638
80634652
54911710
92888697
48789599
54186302
73244041
25471477
43871422
56879304
24118746
55477482
9958955
59381218
16486223
86861869
62798363
51367642
96306871
17314967
83169437
20708118
6575617
64606709
7266401
5796019
70043705
19650695
78275677
29628812
57350955
13185875
50997869
86525892
56581451
74542057
8324196
44284172
72450419
44060558
92702088
84111090
94236339
19096685
38030493
25003992
12818041
70353896
83673796
58036340
71122794
40818037
51311158
474005
19697465
81804016
13766878
16478556
83207237
70981326
97606685
87825552
85840
66017508
5301513
65221703
60973497
55840566
85970065
19014430
40406494
20057663
73859889
1945170
65648544
18712432
25946006
56976546
3200277
96638948
74347609
24070466
81654155
39474266
65889902
88574827
42209120
99620096
36170150
64425417
67343661
52452756
82337414
79891743
45762820
86091757
2127465
57394314
38270949
44414858
47415418
94055443
44892775
15276985
44075843
69886568
94102926
89109898
50120725
4826761
52710633
76936449
26316318
91296105
49792521
66897617
45120327
97283592
71205474
21454139
68374474
56569537
82189242
67214782
15603386
57515295
23740871
7732876
14949211
76117490
35316028
84947792
46424784
24393377
9170803
36445629
60110961
14805570
92773921
78097897
71575680
8472072
81803522
70330425
12973912
59014127
85862544
56268325
31601378
70249356
84881020
52934390
93345457
74363668
37060957
56903787
24005061
46491195
46550903
83704187
93695263
28768212
66523391
55261179
66467602
87132260
37112772
96786146
40791620
58819840
90294165
69128290
67303749
53139853
82627515
71417748
45310589
83856968
95260886
42376535
28662197
44690379
53647270
91794907
36791692
7441914
74454393
90796767
88225865
13651405
54759924
5647335
25661072
29047670
30981981
18634100
19420635
95388931
88287940
94738211
21810357
18864626
50992614
93974463
49822829
43888653
31540223
66672833
52316545
51171578
54820618
58586933
98721847
25067163
73237581
41399042
61903312
62195408
31656846
34927236
5455675
89272572
56761537
59216813
79514631
28347839
10902413
260952
50991841
47862416
3554742
43034473
9886394
32216584
63131522
81469202
23593506
82338092
93626637
21942668
2326808
8842464
23677648
78012585
9052331
12425855
34623979
62272945
50954520
96050997
55399058
7770605
46482819
63379554
45930800
1687001
65448608
95861049
18750230
68984719
43667800
29828290
61783183
55770458
26937755
85279289
74963042
9251157
34354354
21584681
31802119
83726319
58333639
56398178
99733872
54840074
71717738
13663470
16933583
58347618
63939358
61635222
4980451
65826596
6210610
59346640
29895184
54390696
22206939
65508691
32745186
84813562
55390671
62907698
42781919
91853532
26437552
16057431
75087699
53525503
84207958
57175543
30026449
87784736
61929133
85941473
61376881
34167517
87939061
83416631
23503740
92244757
46659079
62498546
15403306
1337729
32304370
75739716
94991664
74924171
80363998
79213050
45717456
98235543
3052297
10012875
37407060
84981340
7660414
16677832
59424667
45768301
11380215
39173375
73287159
94525176
23803302
21088584
81320589
45795975
22539585
75529269
44370726
64937112
98345210
20737626
10421355
19501760
3926593
5306829
51590785
28222663
81142997
8073713
50165535
75926487
42961885
97404744
26318985
60685139
25740921
16001691
77442852
80738515
3847704
62308034
566450
93448879
82773522
14332578
36478561
76264592
67954840
60749208
84067715
38577819
98166796
54239742
74679962
94688109
64443055
83671633
77054578
61192509
72036448
24851155
19877044
4993102
775371
24471169
71353329
44547433
52644210
17759848
21509137
40428337
90076404
38533556
39338281
99478300
75122673
40900575
12212319
17225031
92390489
39097901
64999806
32532126
87605238
48990784
53171948
44462608
18027986
35256273
74329720
57412166
17857042
8866089
39948947
65170524
97596519
64908464
81273297
97702721
52546550
58169058
18757493
90097849
35940654
5935133
90705503
54980597
34696387
18913224
5304152
92977833
22114883
69377988
85858093
6110294
85483167
56401515
97319729
72069802
4812839
81553915
21732231
82414839
42011514
48483074
57274981
57192982
2100028
89060693
97540987
65239519
93042759
22118117
23507577
59746609
27391487
48312644
33360418
48188675
3728992
22046045
14288519
10395272
60441300
44343011
9174199
42094807
67684842
27932485
48945971
13853528
93560491
36357880
71045874
91422132
68466199
66122650
35013399
9870617
96223651
30387945
55203966
78546447
93251566
82562306
78857147
26824895
18926434
36444431
44477748
76301823
15222686
6940915
67033462
98676589
98862952
78381264
67113299
3598080
27982049
32023430
87112448
44120424
63840396
3705062
12013499
80820754
70619065
2392323
18098189
46290960
53242421
16068322
45780592
12988996
92941948
16364388
50511296
25232946
52551216
34371831
67563544
72445323
54378609
89475706
18599586
18989297
47013184
2613428
20624335
3400269
17493555
99356848
89040620
26377658
27763205
88517156
84949775
48384319
87332024
94730468
9613
52891197
81037231
14340547
32137462
5052543
82046030
24818866
95224604
93079437
16192113
4902740
89402913
61573428
36892425
3216621
38706219
79738753
54440981
38595713
79759480
12932449
87398984
4909015
44300270
12388428
44416546
54496423
59713256
42897227
51433116
62270048
21509618
62697589
94533437
89904710
27362863
55688248
81002781
47159441
29203637
21697067
1953067
1623173
42552979
94525474
29556425
17988236
18945569
16347226
88771031
24284786
16354373
84417451
81446406
71775244
90226591
48176832
22165531
54422778
87106142
21675241
32952673
42406950
2392292
61850209
60512022
60099
15789188
30028511
3599564
64281925
68400831
32657081
81306410
73877784
36906265
71266486
11748067
40444904
48240769
61894011
95176025
92644371
81502619
6430367
67110430
61589340
58528111
79888804
67923148
10954292
51350442
26690005
74775277
55252661
36502681
20892973
54745489
47713670
30796323
10039870
73568366
23180642
44941423
39984942
41333257
94088010
36175142
60001092
53698717
4318052
69761002
10996898
46535380
70548042
98284099
87805479
49358207
23554618
58129356
47517033
18968546
54568743
16303079
56333066
15051546
77384744
16019145
58360111
38311386
65845021
76748138
21962226
3336627
70712726
86701834
72607336
99101319
52590523
15543865
24222240
93373889
92173768
977205
69529649
59671394
84031773
33651346
15368087
91569632
18678204
93319312
77063268
28290891
9075378
1082163
33654057
54448951
37631212
230218
77207294
12152576
20589322
60719772
36647509
20828941
84621997
91454581
84643809
51513701
59515871
10469443
57817457
60308672
19068378
35917256
32468133
75036054
86093348
17670941
85649349
43887865
57406290
76853186
75270598
27231763
85822127
86552931
23320864
85435860
41723227
13086346
67382187
51687590
26736102
73704824
44937849
80644173
41766512
91388040
65836311
58460640
881059
43271910
44292953
28833390
59769398
16421522
65044268
96124503
76432476
81867406
56164581
79454402
33397355
65352023
68474171
24635729
81277468
37158807
30045007
11142174
36506631
59235899
75424740
24238623
89933180
13989213
35652145
40633180
41897332
6586029
91932321
3513762
15396068
52328215
40780601
2102155
27334433
27740002
45155023
32880145
12870237
36234288
92743621
50206822
69926977
84118954
30917289
6199197
27906753
78294887
72476888
24106494
37438484
50459468
43403465
48496716
41901403
58978250
55230109
58450771
46456171
13580012
84161485
79858802
47438670
70660069
99325782
52960500
30662549
10471622
55426339
96532117
4765062
81694031
11062878
5584299
69920754
7676075
32409799
78580835
3284975
60624790
54130569
6499071
35460321
33179614
22536948
53697597
37658137
50887571
29283457
9212495
3027879
95708705
43349067
14723342
64760093
32418568
61703235
43622570
11107224
37973317
84199668
68875024
505194
95528517
92912533
31645303
39813005
72617912
4208404
83251206
13507313
99351444
62084236
66655835
61679793
92394361
16062131
44889026
36879240
80213468
4031488
41587112
84589154
6820351
13530232
1211786
16947117
44995714
60770638
55942084
21213979
86058170
98183124
876476
64104822
76851485
53128256
21655991
64191212
75001696
70065553
47948573
19118960
91724946
55999466
43759878
20396805
76129024
33851482
3792599
52626544
51214162
94784881
98812171
391626
12714102
46119340
21540438
90523896
43774051
39858139
88087119
49248936
51864423
26188098
78997257
40772211
47198968
29263242
62353458
20522826
42489049
71933893
10554013
62271291
6481731
4535240
35545645
57482274
44816507
65027272
36415646
90168005
26125414
456558
15632064
96557677
45845312
33450011
23141585
21161903
59301759
80892703
40873178
45947400
75023677
16603904
73091829
95400913
67329351
1757895
93143013
66360099
41011897
99309156
41026450
30763453
96644139
67338018
87657634
53021550
83746102
62415054
13386653
19547538
9182812
27978190
20592548
10543941
78367530
70411281
39382888
82163684
1687922
92333058
29704791
32279468
1217645
98788317
77956820
31839162
6576276
16284160
79004713
36022847
30701091
80824665
18599120
81323127
34112246
61404991
9409313
32851864
52170270
45977139
13683193
92686351
97393059
55749134
41692834
23794320
20984808
50853154
62186759
66025297
54608496
50068741
32177918
38514260
88037962
69617438
74305746
53012687
12339926
85406982
22681433
39519723
25887870
80083522
85031707
35509475
42746090
39226181
77143343
70068265
45846648
66850444
48168262
38423887
95416845
7817343
94194898
65533069
89353905
91814772
71889846
40360870
88478644
59241003
872348
52581476
32245460
14955112
34821087
45600386
62952925
53487489
98512293
69626190
59279395
98580983
62129756
48020220
29705017
38846866
86628983
27068197
36824992
39658490
66090577
53434070
28128555
13278024
29816017
58880434
78181053
33915903
4607014
87547383
16726443
31958457
44424031
47215501
13161883
20291159
47547287
35729034
34869637
71506316
43960461
25677668
93503559
94884218
33788904
35415389
65324114
67345652
41765660
69234109
95090302
83158066
98195518
82693993
56131711
36226932
46893109
66672809
30811256
27676736
42778065
84714286
3857509
4435215
35769072
2376965
39376721
74718527
23010274
68263242
81866810
76306308
39429356
39095417
78590452
25166377
92464952
28295018
31465786
48551282
77668521
49264807
77498599
63265625
54481317
13154577
61834915
99451913
9725
39106953
48934870
54803866
18867935
83287619
29643671
33822813
22930161
74413614
44852633
56303498
188012
97461605
77994313
83769784
11368594
46473804
769675
69122349
92392741
48345588
35097933
17854529
65487098
62619659
34166137
69828346
73339049
16672755
77137825
27568629
26923874
10690536
86306245
95557564
67937857
38077075
1081902
58909224
99140104
36163314
67065087
93136152
10699158
90761179
82613234
80014098
74142859
51123723
23770505
20014021
6164933
72662645
20258241
97656658
6017730
31585414
42901743
34912060
64435030
66118951
77547360
31352269
67180660
36805885
4074561
60781514
27019189
71634773
58114254
65100431
1555907
31542273
3416116
94197553
84441328
32436703
99918792
77701844
69214150
5023155
35005278
66683027
46005543
29281960
44527114
97609508
51775056
64479350
89125191
72838128
23796974
613784
29814888
54353053
46447504
54307413
62399627
44957952
39809179
42846369
78579357
97892549
94719711
91037417
96820480
27975362
52762465
74624509
81954293
41650821
93567761
87779779
5967733
25839011
8874897
5183280
55547807
84924419
52306842
7725027
27409094
55324995
70292435
6341247
53815299
63508047
21207295
48092889
71814766
87839130
36872642
10689349
16395295
32577361
40668566
11234622
11957666
29218455
27588142
49969565
69390609
52647193
49016022
37609931
94487388
97117125
19634471
59274799
94185266
75182256
92283379
41497491
99421692
378660
71111666
46392051
1412063
67956248
99484871
61966852
43442172
77759898
66232881
84009429
4067870
16150973
32978438
58107657
81483730
95846227
2084829
25597417
1096018
68528948
68768226
6003236
49490294
75898239
82606564
73478678
17124780
64717398
25796266
56557557
88273878
59565612
11802149
57559649
76048043
96811693
92936806
99588953
17974296
86853277
42454545
93331080
91145968
1886709
8433973
89032607
46146599
8373634
20024011
43795746
74799462
74491686
21543333
24531320
8066688
60501210
51299712
44786910
68591345
76822754
53297469
16102666
77221483
37812408
53385519
74392840
36207324
45445013
59617193
60113153
74489369
56704266
33150043
48078996
20687325
76554393
16261295
48379187
86557131
23820194
48319725
64039424
12427600
89322133
6313928
32902624
98048045
94836375
27863356
16370022
95185071
64038395
92224206
21635343
71359912
3235549
46039480
76866697
44335471
22850440
98446945
52730626
2689420
10133945
68967713
2890836
13428109
80690500
18449401
24647920
45886907
83585109
11284775
64623714
58126961
25924332
83530691
33845793
69495993
90369886
64126833
74533796
63954090
54202889
72948397
98929799
92254116
57535454
57788982
23967286
62330884
24951021
96967022
82817895
77204496
29616452
24179649
76439254
39675071
1833953
23038179
26020777
11186013
46793696
59673276
94954292
99362718
40753249
46802912
78700530
51035819
72896276
56057543
67681389
71251966
80912896
47940540
35377906
6536067
74435568
73418867
35971368
44784688
25056066
60173948
6291607
16485989
89798370
51440618
18741272
57560557
19195107
63682077
93805026
2335673
93015310
49948827
73474728
90440588
15711509
4939212
63189347
47585577
92847004
4741945
67683709
17629812
9967054
71662809
24092132
50221148
36360070
34452056
47090972
71648503
29650408
35571271
64329736
58477288
35614130
7852351
96752059
745562
23693180
58440593
71182421
90583567
25403551
93990803
13592040
79435928
35745236
91298662
52408058
15754354
77982617
71830029
75947676
12927480
9065103
428269
58739638
17670814
77721753
13679107
94907597
75274103
75351615
86124881
67382079
42646356
58222170
3484233
19612081
86667905
75127275
18350517
81673807
88493362
24840524
90942966
70032447
64674291
10627485
42845285
16976721
59634205
42341209
64238205
18291038
52100167
52305055
7780177
94806044
69636600
3794787
32169826
14871510
44666173
85340571
867614
66332090
39566912
34042768
70528778
27008147
35940654
86830087
45732659
56480660
6683925
18191292
89026832
20327061
4007864
80993012
76939838
55643943
75007982
6324167
27602913
44404112
33911590
72250202
98674162
88879287
32791850
51011837
7531386
84876453
21204155
16440952
88608184
23613283
32950218
91910030
75588968
10323536
17746992
50803262
27603587
87000363
61680393
44696585
57000199
99948385
46967028
5681194
42572756
12202683
34906514
8774954
58898343
27247228
36252649
20076398
15653477
25111217
57550968
90044478
68603506
87515095
39930942
67174703
93482761
91674478
67793118
64677913
55637307
27344093
36497814
18324194
54740980
55162251
13364925
42899988
60012500
47668720
22523628
29521842
45461068
83579848
73745860
46142474
91294947
46280155
42690485
9702133
41948511
87012357
89333954
48160233
40937527
71512707
28239004
39120779
35017313
61664977
45763202
16719423
16616964
17557493
13130153
72413004
34522210
67072641
81607708
94528719
49752421
23476533
71061472
85471997
67615886
36872335
61761002
86229747
35039180
23959314
75477387
88082537
9326023
42454028
41492441
55666454
84139318
62186108
80756723
38993694
18869777
3383830
90965981
72435438
33550907
63202137
25433088
51943351
16284708
9503538
5339390
1896064
82813363
26557408
23591252
54577965
35209934
12591567
73808466
26423246
38117563
64679206
62959867
42650823
93961728
79246981
28038500
21163523
28195203
25975154
29335466
62904098
95777310
74315652
76854029
44189862
71632353
59517443
51251723
77137961
29209614
90987937
40558759
3714931
80765714
36874965
77612719
47464204
2010878
85254866
4235755
54233508
41137662
37216616
89809120
63014756
25894434
56234290
36467003
97224018
76702619
8629257
7272578
90441899
93925125
77166003
7887788
82211877
4635366
82596076
3585374
84091795
88801532
15069899
96073741
18431603
44802812
75255902
68725744
14972719
41186257
62162354
82116093
46585163
1252585
48545066
3449028
42734504
97209860
97225567
76206401
6469626
32676375
52674263
217249
19836530
32581315
45018602
84879338
67889856
81196409
59777810
25962938
16942492
48517512
35613690
40047830
34244787
18165856
20741353
80399752
49564153
52259354
55536594
86416693
36797266
88930117
40910575
92840538
52117965
92675281
87370814
70068680
71893458
22341053
50980376
12582029
94468794
37166913
43272419
2119961
48053146
62363441
13400047
77656359
33883511
42334912
95638268
71001044
17285260
4628571
19457341
75494639
37648998
66602925
7881189
10232944
16714558
33045873
3493557
50058098
62763352
84032864
57384154
49335873
94372589
29933501
46469703
97633240
34027292
45188251
15734366
35487854
59756309
34527029
94138987
75083094
72939349
30454417
61444369
12522479
45258496
99476299
47800471
59075890
74126216
81303330
73973845
69077141
27078422
92794096
32596732
5748533
58638840
41769617
3951335
75653501
99312043
93512712
66836305
81405748
75478185
33836050
48820685
16025397
16675648
26273746
189922
34849459
76367058
99700488
99928128
66904501
57123113
64639321
78132853
41147119
75655791
50693236
69023004
1736441
77233193
80746224
29800862
84639090
72573182
38322463
1301504
9507974
26041826
68426847
56341418
14417146
70702840
11940086
70765000
29675912
43087860
17147507
87845807
44424423
68364369
92228039
67152321
79474509
24577395
1973537
32099149
50328145
99520503
55639095
38701191
28798045
1298116
72836427
61466332
12771048
19748344
72881321
42645564
21631860
90087479
99414471
58312748
65642022
97788017
60882720
64514411
61289425
8776144
42528404
4009488
79425150
67126134
63414286
99459078
87927549
90300192
30401122
55027037
21932954
95338052
4154569
39080035
94229911
14674409
63475235
27000031
16861858
34785098
53078442
13178617
60505720
21399754
11655450
57074473
7488071
43264030
57334216
75426645
91056559
18699723
56205612
70639554
5304072
12317886
70153807
82103949
66137542
12365480
25890566
12882512
65648423
19116564
84596976
95837357
7477911
87988942
32237521
41915168
96629338
7754219
47568877
68305728
34461173
76298604
54325232
72292730
37678708
811109
22301284
13044113
70005572
77303829
72079764
53879814
20506663
22757731
20459008
87791291
19693258
82700839
28333158
52496707
88322334
15774795
87307010
98730817
7262516
41834688
50398092
35717108
32054959
74781768
81274507
96411124
3947736
92208240
96138390
22594960
40067937
52321837
60241428
694901
3243759
67539077
75031082
70554706
40097007
86678668
71550892
29103960
67334047
59940819
12501946
16091067
32103431
64705660
60827746
47058421
78281469
18465
40644669
57411217
46751226
22336832
83264960
46456123
96679653
60526428
90642621
48775678
71521584
33648423
18848342
86578420
49931412
64545813
53258627
75342086
13573908
19255430
78288100
69787590
57834926
80509347
89741812
7785002
8146645
48107908
64745298
98632516
60910134
97614130
38546445
30435275
81538380
39451933
1715373
64502720
89799000
42258641
76983498
79425059
10736863
85992896
54900467
76135454
75292841
56549596
82924533
34080304
46064798
60797179
57351647
61130009
18351891
43537307
72368757
60814989
95977577
45579352
15375848
26230287
54338459
46096727
45934138
18539571
70585258
98518458
5124648
63953963
62299455
25526219
53953043
93272811
70409942
64432254
85454272
28900147
83040785
68747221
45522027
624422
10772175
93141135
49191903
46743478
93861091
82362413
73139428
79673011
52141051
50051525
53427735
14420398
86918604
60618701
65911368
34155503
52556018
15541225
85233906
29506360
20350521
41267286
76105298
78243282
50474028
87198047
9172617
67520113
80826995
24323143
70334460
96307908
87120644
82226717
66449892
80047955
50366137
54980478
11831643
74042375
62907700
74353978
69057843
65494362
66141335
10379845
81246162
61672475
40306479
70453229
88675354
58125244
55927328
69061274
26583413
68085430
77969057
98262780
27531853
99117893
81179328
69156542
66980157
65928539
50278066
20213033
38081864
97364616
16322886
84367305
83037577
13808714
25007858
91666068
14394434
61035231
30760398
53864585
80896057
68414901
62619720
12307451
8682096
58731858
2839667
54039969
86735834
99206388
94020614
97071511
72848662
11639453
61190648
57908344
14674787
74982513
58699596
14084644
88361663
5427178
76312665
95845829
58587303
46692109
8184376
44593656
93339247
20105084
79854593
51081087
41035350
12618323
11696571
35888875
97406418
25179410
47385852
6237050
42650089
83634293
69394036
4213817
9631694
39344047
7306136
18333181
13034415
53198995
53524462
11603169
71049042
91846188
72815225
34111708
45576651
89530494
58003616
44439421
54158001
52480297
19022880
2893578
83437324
27650303
50236421
36439829
29379322
59234038
47997250
24640886
86780735
44157408
91295312
221379
78303156
34217382
89316343
46656221
39647705
3862822
54161462
61684858
57631160
50307101
24220572
89043215
47567688
34248007
37124882
70266568
63533356
98807671
68572695
8576355
25702256
59047346
85306902
32910104
97806866
71127367
15916046
57508100
21937740
73389047
42462683
26507951
48573780
31464469
72355672
31374057
65131832
73673483
11256240
7621923
74771721
65955772
71415778
98189349
51812358
88320167
77688960
75077730
20568144
60929934
83065933
4049324
64003922
28413619
44549952
37246908
33700438
993112
75338421
12540322
22573284
28190037
64364218
6844856
5072806
32041762
34250881
30488896
93743241
33396548
82559550
98566364
93341903
61830994
74840201
98511063
77441852
57135251
66222356
97103583
76144390
72956080
99242964
37702000
50479655
97696066
24936253
26008517
42148904
97921631
22090360
84918816
90315757
87030772
54895048
72155593
54421156
4930323
30093448
33475392
34519022
38003806
5709655
16167909
95497511
30938459
32785618
2121263
74885451
14631410
99957692
31800372
94300561
27110699
84237977
34046451
87923706
31579099
33945563
43108021
28278058
3167270
76076775
16400478
24487786
17876416
89574796
90175670
2321299
73677370
94466845
85961071
53889084
76832856
4982346
91694694
63899246
54202956
7758815
12578391
4328625
94245036
31447505
31083018
64400037
36458042
85231640
9151548
70723396
22700601
89535954
59267215
29289103
6188075
33304197
4264926
23723005
98460728
82892466
58071297
5796866
18051322
83912651
648671
41347502
83986865
97830561
71076147
32751401
37945239
76394806
29262604
6106148
66417861
54543689
97664579
60069034
37459227
88739250
62781591
40746922
89410841
42763452
29212559
34038488
45270249
35165372
59270941
24591664
70509863
3172920
83759418
11484415
32617918
81369767
70618554
69500752
8309199
76340936
36711430
6035869
85715090
84695336
81501777
84720087
42025710
5320447
13323350
41685700
53468975
45170332
16092151
23840912
97644532
76251033
33258717
23377079
96916988
82234119
27734233
9315771
97071380
73213085
85586743
41242527
63177924
48435451
44106194
51399575
74244517
97161400
95648790
20417991
71451349
98201300
47645119
40588882
84462886
17060823
72916570
36834219
22406535
86092314
60477499
50969394
82054856
46968865
38114109
47770129
49080312
94511823
88925350
62012883
70361479
88324423
21860475
14109989
32804992
60181523
65073744
32683108
15270795
76078101
98189104
86796755
93319821
23121465
11634456
65669247
62514574
16873549
61455404
70068806
72984428
44075263
8583836
45765518
44106840
62691261
20733111
99436738
27563099
99229830
26349573
83539580
14730172
28114223
65531135
68008893
46521793
50784626
27454501
50068758
77590785
35386083
10856217
46188735
94314160
30550668
79828567
52065979
59217698
44876620
67380554
35137752
88927583
61343000
55116135
43179004
26533897
19110714
34519068
79424655
57688153
18932981
41249328
39717768
54956817
43224863
86557870
63104610
71679645
73090418
84788014
99039581
54606141
90882712
68755482
34488112
49946168
31809952
7817196
82405316
91551604
38298490
98897581
74455462
14455123
20948594
85149789
85541452
50724223
2345652
80421966
15955873
34654510
61148125
20354147
93326010
30928026
36864864
91900518
29091904
74721882
24279839
63672118
37386885
93920967
35112181
30182557
18548459
68962726
38022267
88849474
58607750
81929170
65244018
77720768
21401615
51905057
56683615
71732193
53836857
99013358
14820680
11147728
99364280
50460404
65355874
8441217
96472283
19194690
87528441
13751642
56728806
90761954
47066117
69735292
28602711
82442723
45762470
39601771
22876594
70500809
35489985
75065945
74405076
44655440
90014923
78566298
37205081
93706608
33478640
6645420
16443689
56631396
31109355
10205739
98457687
74948228
80302757
88215190
40356401
20616042
40237876
36763066
66330394
15646973
74691474
89834816
39863473
44113287
85636156
5340061
50489354
43246288
53301489
85512793
958743
5493820
8196595
2822806
92261767
35082014
24345302
47861807
91652085
9324826
91646583
28985441
82928737
27340783
65559286
6166727
67142863
59868145
74294140
42514300
20902870
60022574
20403709
59712198
54316423
52863855
93193367
67995813
14438944
21010895
64880061
80532516
69327764
71073326
16714160
1973179
91755348
93822204
59125382
43319699
50806815
33646782
58270709
14216932
93547930
22059641
6217318
5269601
39581262
44448589
56877272
41648711
25932290
56078686
54972154
57675262
90944932
97626789
13994993
30790743
73564364
56307340
28005392
35328296
48728354
41891826
79442464
99738250
94601051
33705001
88786751
79948996
79730299
2443364
14110467
87428534
67503087
76725707
7580047
46670308
12513610
18734988
69578103
2343986
9204322
42314277
24461851
19050598
87956827
55171821
63816851
58301996
43048587
97072811
63114610
34688428
48336185
23189214
83156258
20644207
480806
87286888
37087800
71608226
45518670
88269710
80056112
33714592
79918381
7115902
81129577
96921760
37299728
97575046
88120940
69377736
55545046
604092
18101980
93484619
94069376
55637727
38622457
7376272
1270062
354381
73958844
20525496
46832524
31186219
1871503
29722552
43496241
84379277
81370746
3712946
19638946
85666193
22216568
56286584
79018023
49766335
44816561
18927284
53267270
92516395
56599580
77107611
15467105
69903350
88010772
38706840
54468880
91222630
95795516
23955080
49437485
43911507
92441031
10363378
69857648
85411570
5334847
24630229
69071870
86340062
61021296
63289243
28432122
88756132
21258152
2779445
35071163
2923230
59119522
16936280
60116857
32830938
94203705
45421528
27862509
7051000
97621625
17369857
73986624
71367239
52154383
80435879
78252142
59579016
85738257
68454438
87744765
20452019
78673877
35458326
32768791
1555953
6265300
27296407
17472055
55100711
15910313
58130081
18544914
80960743
15904439
87181056
24034341
37422687
56023001
433190
76567303
13226186
45194265
52696543
93590237
13161951
46455079
83709784
2029077
2653578
26038385
43576945
75463874
44531168
75051625
76186599
22585602
21171905
6351523
65654617
95763014
74866376
80564848
4178147
35502789
4813815
74611694
35317191
68065224
43071109
98232638
24650649
22391429
78794590
79857688
51363467
77516706
44183470
38920659
1863692
25183231
14101411
63874383
20754180
90302158
84836857
75674223
94445627
60251332
85982867
41945895
43313176
23628938
82027716
14224832
7963621
48862744
60900361
60560139
77479019
30973584
89422127
89266738
57454240
39103678
28315663
98995822
66887259
86419280
32541053
49807903
40680122
31620996
40853752
69777714
47902010
98863296
71344959
61665819
36303407
5634045
21401763
4170414
31593773
40970850
66857613
58856141
32412649
47331632
76645819
36978632
9042412
40839751
24641113
90485077
82175984
96437259
73456173
66293098
23416376
48129636
77827179
50732372
36504027
90227583
46701114
26242993
80565688
5785076
84983999
95455065
29761942
3530971
56997987
63425099
81061498
90692550
23438187
53935674
75956740
38765878
53072916
81832499
46119650
3229654
28169002
85395397
5485907
16773533
19505234
5766005
37176693
99180361
4332561
54011446
84176057
31600025
1791519
52837105
18306304
1851536
73717373
33640372
95303172
8509485
98409493
58808677
68055933
18436867
83333880
67197829
74899681
78531176
80816248
65413432
99917513
14296307
87755629
79341812
37763202
94267252
68709952
59081372
53015982
50860512
87332734
98452809
17939529
78254128
860114
88590703
87536265
57203189
59053522
9693636
33463240
92468809
75939313
33533839
17245706
75991577
34689495
52664592
5231756
93005743
65072045
36887549
45746273
27615891
64304974
27485272
27670337
26988958
58000621
20053514
37241967
94157513
56220284
14162202
46326615
9636578
26460011
34411213
89482986
51039094
98342822
6565698
82502174
13383395
63805734
34984416
77690845
46324296
17535543
2632366
20724205
4883193
88054307
39435195
99824582
53733660
63451666
19655419
13361319
24797058
65710838
78534541
76289135
27847982
51590479
93183367
42725483
93080969
2191566
68461610
62964688
66651086
71366306
95835558
38492536
30628995
67636201
18848773
90271711
62020810
3053626
84320963
28213168
67135868
43740585
52924017
24241228
36866304
60063039
94002268
85325765
69754181
66859264
82165075
15577205
15509342
30015881
5138953
1974505
58356050
67361627
19470634
6878423
78913670
71456576
64510087
41903072
62970398
36957160
25708072
34465095
69604856
9634893
66831638
67908493
69755235
14789932
78087153
39589408
61937453
21694484
74970786
30037971
14912450
62790281
81898968
87001110
47458028
92746436
21067157
69547166
67153108
18608101
60482587
98189859
78333336
44716747
59850380
76580818
61324539
35560918
36641877
21902671
20201517
48762489
56005624
41239237
15688048
58655887
77832604
75652911
69295155
20347871
59938741
27475849
10095677
11481531
50198020
96169648
38992293
80273141
30671180
22007945
58434212
24307543
30614065
25180271
42457129
28774032
25609152
49534473
9174955
51930088
70498468
55003363
4328528
19368559
67390187
73639174
63965724
58836412
21567112
27697303
69984369
79999151
74968703
97318049
43492767
51084936
41173687
54595666
13248526
5325226
55700839
31340984
61492212
69925531
36307993
67514468
37522547
58026355
59193040
33390683
13454240
36852166
92935475
92595791
65356763
35050132
71848956
30464817
36512206
57485803
45272879
78580067
90787402
9457939
49315106
14535683
66344232
88744391
50096758
72618100
92069787
93926323
12478914
57129219
19352220
40260983
98003980
9913951
33853822
97763219
68844001
18540194
57963342
29227465
63202588
18112606
63435026
82388235
65848816
78997422
27608004
42993538
42490232
65215049
15989365
89468560
78035477
64436742
6242140
74538963
73128967
92524061
15848724
9813119
31362018
61014325
11634316
85594329
75817800
94702483
56225576
20797962
9746028
23974308
36003994
38462664
88224509
64357299
59219651
57370586
71606483
69519467
78015973
91177096
69918130
48228202
70600141
10017451
94585089
66536138
21978778
68528284
51410623
33998207
56333552
61577691
26093270
84954421
56164602
81712030
74237563
75259063
89739799
92659490
89639493
51747308
95493941
60498329
4242351
32869772
20691482
87469720
21953238
11814692
6861557
75511379
36319883
18628397
99221974
99496076
88821819
34777919
32193467
11114552
54916538
67956715
42862487
16156367
67212568
97419292
72075909
90795222
13615435
75666295
4382133
21618229
5461391
38435591
5715260
36088475
32128998
28240255
23168679
10817528
89410892
95598512
88533664
56183104
82808115
34279906
75258783
19997684
28931910
79850191
155867
73166552
7445366
46426269
58247362
44955079
90205676
15118680
5599889
96102816
29490587
6256597
69938362
16829121
41002626
35526011
91824391
89785412
69723597
64608288
91073615
14715254
85559564
8218715
42070711
45254682
4801776
40217098
21704326
15412547
13867956
64422382
98385899
99291166
70711534
30390724
65534842
90345422
35973605
5104803
78735772
88416322
26748902
93123321
22845273
2974716
11737649
20556506
81943643
35482121
79579980
99806059
91986413
92333176
83356874
75662932
21961828
539693
62798872
78692243
1597291
50025977
86325283
34076194
60183006
75572602
35429907
244316
33371474
68616588
8953334
38838494
5314376
49986182
16140551
73024357
84648163
94976882
24291814
25573900
36101279
53511888
87652330
46893307
11281433
40363989
60254903
60362543
45858981
39946502
25526653
5884374
42721618
91882589
17164509
70931896
88013661
48014196
62115037
26582114
70296175
90425928
44302332
26907513
88658471
7769659
73504473
2142635
2450517
2147415
29125053
46944810
85144849
18655781
14638347
252418
97717968
46556380
2754811
91208828
76263746
53921085
94111034
10746764
29392298
72251377
512844
14551067
34406451
80294023
45010759
83707843
49148329
78802955
39990800
27770416
65682760
65734187
66446555
70181650
7393172
76657791
79050569
19750346
70645451
45610019
53291193
39078254
70836424
84742990
10267188
42213889
44665069
8866980
52831435
12345597
70461325
29478942
52762667
86825080
42162822
63540379
84971112
84688902
3768244
47388703
5095237
95311277
68154850
45110876
38472838
6563992
8558888
58504922
52691663
46664354
68390073
58186013
21715904
46466632
34110835
50433055
89633930
79385012
21498198
79605933
91149052
53492510
28001443
96144624
93375004
88328137
70016005
53922813
13626525
63581868
767607
82543836
31407249
8221304
68471602
38073165
16559996
90293258
83831872
67849042
39331175
91240505
99574135
25245236
10625857
11666355
20981399
25668773
32867604
68329311
47822725
90550161
5002216
23585185
87690847
87517349
67819083
50982137
60388172
67888659
43952744
96567507
20470028
31087911
66755351
16234376
43887101
42482603
79116131
53210877
51743462
37715239
1036894
44600422
62972177
89547341
87305763
7716553
89699948
32276768
14706531
54903734
44435163
25260253
78562861
51162897
70727517
52944129
17454485
10178134
18446153
90900162
73180297
61965219
15939310
50711325
90817888
75475928
67112291
76624299
33308493
18833899
37496044
90590043
12852904
45971891
44827437
77803282
93914048
86634080
48963356
84499671
12492506
15345793
72670063
76934770
54787363
27873955
33328006
80846268
47689093
8353550
42424525
58283332
81255766
73681411
70993221
67303650
31209967
33181953
98874839
24024626
88838504
40531069
58777166
68203295
3661839
11078707
52051994
31659815
12457162
63265946
70056922
18642753
9272202
67556307
59768969
35705658
55193494
46173395
23079554
94850957
93587202
70423274
85061304
13135087
65455811
37703619
34878
12800254
22511661
28027387
38847703
45604464
14939976
33343051
24138307
50173609
16359893
76750220
27101860
42688528
40609722
98406167
92526573
25178841
28355076
31973267
69267624
61593376
51358351
52413112
30662079
23731148
55211953
35679452
12936256
38360882
39261993
88946226
98297322
59524380
39776673
54644418
71034598
58985619
53033719
23872697
69939381
53853087
16441108
89377267
71452571
8867958
30557233
71976303
51637245
41141379
24307404
30670107
14739674
834290
3735790
20146982
30377661
91353678
21953597
87973466
29821939
97086500
79573291
19709420
95651949
46787570
73505331
36643739
5840148
36280914
83694786
44633541
20863952
11989565
62535491
35624566
21359850
92545938
36481699
81635046
96155692
29876548
5145148
81140073
466993
98610139
70559878
66463824
83138793
89568734
17613465
37564476
53555277
54690978
20756031
48330540
63730288
74697733
1863963
40558959
31238319
58746440
75924608
26862501
4062284
79235301
43113602
42803522
40704462
16532434
82846906
43515490
64542709
77938116
30314586
95100987
80564861
66242374
5333335
76470591
31582998
84065970
48638752
93367012
67169624
82992338
72249622
27106713
9418650
95296713
73833705
25005762
69617291
28329596
35554292
34395694
88130484
1941004
47537936
84836029
45812305
75526065
33823300
66316558
37495874
48959106
52574912
1732958
2546097
40942863
18281197
76261141
39769699
41612182
33415816
17417827
87334336
12726503
86437278
95502135
13219789
8580616
96365136
26578928
93994442
80307602
41038415
2435018
8112325
72951514
79035564
61886444
4885056
76995060
55814406
12735555
3404019
40787027
80580400
63419073
18552897
67695282
47636133
55861838
60645044
52969303
27874230
21399485
60201474
2587702
95137261
99198373
42582689
98204155
11843438
77691996
82198207
77124196
40222555
50103149
95273078
18775887
89390264
85800411
2392511
40162791
51835513
4642687
35708100
26490944
62757443
24644341
22122848
97356116
1381551
46116563
10994635
18917184
58463040
79024944
16434738
41412605
60729229
76781590
76197795
56964733
39325324
55529638
93406604
89324398
19964451
721839
42033796
75067003
59412045
3523371
22298716
52619772
40129453
82096699
71183372
62282897
34070068
76727053
18864374
26949776
93391024
56877311
73169732
3561957
49535106
47348972
55955262
11040191
46620741
27451402
47014207
84711868
25217362
35066853
92807620
39759036
89952688
59527851
49663994
71694052
96687506
96202137
92524285
38139370
9497680
57446076
92624311
21829758
86123689
91310646
25108538
49080855
49831905
75017817
90269841
41142846
10312001
3736360
96735398
92425020
78402883
10105915
19772227
8411639
42976378
17984948
43202488
30857718
90585364
20579230
39989176
21854236
93631534
50930219
64079004
5610461
28153774
33806221
88478252
55533382
76396721
11488006
12734142
16958948
86235363
65943931
54099151
58574595
96135501
38162842
10531897
12150997
55583334
90963576
579084
43649143
42219650
74041287
23428756
42255822
65686557
70481259
89444097
1124795
4958726
45805911
21990899
48727354
78876791
38582890
22089384
28828103
33199092
13830056
12179186
39587839
50431929
26074014
74968698
38475549
44688502
33800918
11062640
49810508
25087704
41703565
64668166
60465643
86698055
7319887
98607029
70525375
76532647
12096417
58721444
92414212
7829453
19588747
27119242
19789307
22984948
5197681
24221707
7014787
99738477
12118150
39616461
1083491
21961795
39313575
98252550
14575511
10597796
71654325
28861392
33462095
93699858
98012908
48926895
49206515
70949052
20697590
41328978
21437660
39602817
53303210
46944649
84973210
35315694
46689451
64678252
92313282
38865696
7317379
12490368
62442636
90037883
63370346
53782847
85939963
95251601
12776292
22473408
49266942
30809758
79060996
4985888
42166909
31962147
35502736
90844001
75870862
87409656
86396481
42948597
68349088
62824906
71145979
59381713
30141882
30412555
23544224
37166583
25596131
41432113
88216993
85684968
8610230
57412290
69880228
32372551
25158190
14194101
53974807
82395534
56376814
87485581
38905130
75460645
27247128
68756229
57900809
674103
69434083
51321442
85260273
48504535
44843638
43039506
79108968
94071302
59123400
94892084
50202524
34114971
6501657
16201711
44390138
28312843
93966365
39372065
44400253
77431699
89269405
51450348
86413349
21066889
69747302
780577
72187175
53671016
76933737
8624034
94991871
60542832
59829067
78964658
78675500
12641833
97971800
98981642
88282998
7502068
62026519
24481907
69009468
19401926
66110714
27131217
99256446
82972814
63578345
69969827
56473331
88639701
7224009
34444782
11947864
5694717
4031777
71687462
46784765
88257245
57008990
68987494
65945355
5139764
25249338
92515262
57602261
73569596
82418014
88149661
44592457
70270181
59618765
64351577
13349106
81529679
98654297
75248197
72668034
25505742
99082942
57519322
9892948
92755512
30774953
96222388
3085613
68654959
42032054
56018499
34594019
49851105
39733511
40355313
68751208
68400346
46224403
29649406
66646910
29258583
85817037
13556940
8785539
89562856
17539737
99281149
86753263
39396852
85787509
40638473
11831674
78850768
6370589
24790472
69638885
87974420
81471038
78423821
81656476
30244637
23734407
54267692
39215083
51474994
80216744
89084608
35657255
77160772
94312515
3539363
96205781
78512938
49337090
2941363
99894657
30653560
33423017
11387166
28866081
15136083
39695800
61939809
568545
65429022
14856146
65720905
73330120
76672820
27939097
20615743
76870296
62031207
42976242
19927254
19417492
70710370
2762947
28591301
87029902
38025239
3448106
17290825
71285699
46092403
1761906
26479211
58491281
14130518
89154628
50491718
24892635
37172372
67691159
40624453
94437382
66619569
44294866
238104
75973580
39568431
5494106
87904308
99453825
70450551
4425644
36169420
12801891
94935572
94933982
84736679
83426833
88529604
34579691
26915661
96317889
9865545
50024324
77763833
48755665
95437386
75522328
74183280
59032655
40660188
97012502
69681219
18565303
85750751
92940610
22185500
41703376
59566292
38366233
72940384
6463705
28476090
61670721
73983303
95783825
47976716
31742056
95567646
91292414
55758166
25711456
55596994
56837880
41158654
71132800
64630718
2774324
75766307
92309152
20885478
91770092
70933728
88020402
13557789
47911980
30010204
22530329
54429997
36218120
59266829
7370328
19255377
70852061
15495669
87648923
56477140
23173256
66885396
216169
55566380
68124979
22972173
15719931
62618045
33482528
85431683
69961089
59292010
52674599
4506236
91441083
97656395
94894420
91430997
21840463
93022658
93991981
33362706
24911566
39226540
94209638
33984955
14609484
9225384
13219691
17489988
94030699
10384544
48655044
99777591
40734786
92279572
50925169
89835226
61396608
24752708
43005019
939544
98710309
53644456
52178026
63744042
40646334
94913676
30321489
6794677
83672613
98308414
56111062
12721710
24965730
6892652
64282060
5118022
55784380
41484921
93203213
53374194
51310212
3797774
83275898
23502539
78740844
69402832
52920477
15226314
87298344
40604960
43992533
88060950
57613114
3319621
57485416
12932844
67678225
78345025
74916481
5949335
10421022
83677910
77653543
40266266
66288761
20169851
89466461
72084913
75349985
84942411
64731697
36980141
80701535
93745838
89894826
60354562
66399975
31121001
76923254
20552341
25183300
59680403
7598275
21370519
23284950
28323589
60549097
73974307
17738945
57544831
70231220
70012703
30529993
88542909
71463835
36825651
33146058
12161702
16113454
40244415
16023852
96808003
84499928
43711204
32562389
38907612
93163347
12277411
1065199
50265963
69996989
5089498
59834013
71270427
41327023
98826804
16007278
93787935
90815129
70220309
12527856
37281007
82584055
56616730
45354183
608126
54368836
47654041
33284069
45070395
50291157
31340206
5167788
58341256
52953811
89433533
11524053
83291700
69675098
62684859
11212206
5337228
8028949
77877597
22602357
3287589
6557971
64029103
95495364
83164419
63757814
37156981
53819592
80317791
67649236
94606814
58291953
91246566
94090652
23465469
83413848
82096022
61612151
14931861
79951680
78621528
86708862
99470655
85939035
86619043
31333276
79474638
29230370
70575609
76688745
75272816
48108360
78578834
27482491
77465399
59709245
84091048
49761322
98600196
77969649
59352714
25656855
14789246
55998653
77062257
29707987
3350610
6680183
6427904
9468402
28427195
96175885
40283603
56151672
1982079
84214536
94061180
69975681
81799429
79132240
97039603
14713758
27752322
90784510
15227487
31836440
39094272
95783821
26595343
56714150
62556185
75683167
12120992
7228160
35754705
5765125
16776515
99329243
17537852
71451143
91232139
47262689
90341969
14628918
8553973
87251828
64048143
44476582
83744719
13126409
68944140
88292218
15646122
94422803
71589465
28710385
99791305
92622482
33363678
16808138
31190095
38643729
49106979
60913954
39091903
60125667
52347801
32039300
39971500
30922099
92649855
79635773
40038971
50399608
34188716
18015471
91544476
7329126
19373908
60122571
14581242
81241658
77742010
84211041
86287382
55818553
7091448
19884714
51749092
35128494
77943981
37438406
92022931
81500989
69913855
13017139
93928780
58007418
80102355
85485595
61240612
78990626
79334499
43405901
76719529
61135501
82957414
68714170
62423274
22715613
77765418
86025466
15317299
59589992
37996892
16513634
19728932
35918620
67039242
41945466
67245461
19436686
31055609
84272547
9611002
22389319
10666037
87397455
5212988
60583751
59664397
25243147
22584281
72331110
67472159
86006701
6904713
27838050
54012216
61304486
85065533
81345683
73600749
86851595
9326212
46496670
83593502
26480197
67368524
56677951
10403587
38190538
16002447
27052807
58410876
15936059
91268464
82421356
86184663
62748062
77055383
24196515
92153014
52629835
24970156
82142819
21892411
73098759
54390336
29760952
38050616
43658765
34111300
25206993
28712017
93110077
32305099
86609691
65576723
29360967
1672436
50956289
83501703
44494954
62562878
70078070
20934462
87477494
13134458
3080895
75034857
62338531
5145122
73971893
90079384
54905340
69658614
12032023
44935845
45481824
22975346
48191021
18037503
57957926
27363563
40936715
85863618
91934305
72468408
14735474
26374740
95362745
90956921
28260285
9250869
47172214
6695471
79668433
25563545
89957224
56450720
99780566
37182729
65457999
97901000
38849
45939689
91466626
9825332
24033226
95226249
92643089
57374823
47033167
34901429
37864500
1445340
14521545
43193392
59268572
59459611
26274304
7465520
99777326
51383222
71385753
95167533
35084553
11645999
69689200
96264812
645929
20394590
45790968
5125220
21800215
92985849
21671795
67355049
34359393
69778140
28167355
87772044
69130616
33383975
29376544
63166363
67752006
40708693
14272128
33632862
9048476
23711224
12181709
314620
15689079
74172881
7907730
33498257
13226559
50563119
70351087
96778084
95003368
4108723
73750715
99668995
34411654
99781002
41492208
30727534
8156451
22399284
19520396
12728128
89425051
78007166
95844557
57803212
7655687
80927628
41298272
53169335
34568857
47596472
87756627
92332154
95332156
74375053
54497590
37884157
39148117
76171566
39559864
69788196
71620987
55091213
23031199
67638233
16875912
26307887
52749014
56197869
54698642
88943083
8073107
68530162
78155688
79015733
62968665
42287535
12581284
61873994
45142019
47199845
66155211
71562941
79156500
95097829
56077711
84351220
1611678
605961
9322144
5646205
27790625
15803703
84374559
29392751
24318087
23857820
21601014
70722016
34559087
47770376
20517253
7390311
33741303
97303287
52167957
19922457
86025279
62562830
52059963
23714442
56802372
48087271
473403
38197166
65173828
35503323
88732252
74147393
99184724
96246690
70182438
19963804
96287782
88498625
19995030
54670107
9205180
54839103
81491893
34024157
52309390
25770340
73417070
48312494
97614999
28901830
81438058
30464476
37621741
44226364
96301073
33074900
14685606
29434356
27898906
67096407
73552066
26379860
90448719
37955042
72647287
42404880
74783590
95835248
85441890
32435954
61773031
4719615
58991370
21204502
47633106
60246983
26795517
9320017
38787039
85135079
95525572
49390145
87660879
94558769
48909866
47411347
72817430
47953521
70021985
92589091
88816459
29160186
94396445
87116660
1885217
9744112
97671813
57427919
53700824
17438756
7347388
57821100
15840221
50226870
4022217
80370813
37653844
59748158
1211183
23257858
34460329
21790724
87512728
11878884
94374197
31969059
51724094
1109899
24649592
98732290
7543939
9068743
55018040
74066332
75980268
24040402
80475650
99299010
10161540
50376824
1480273
68520971
59369213
48156174
390230
47360718
43911646
21898549
12892984
96768886
97473608
12195822
2902930
49939306
20946757
94033614
68661458
33006506
96148983
57814284
41009138
42004653
86318112
33862456
77756309
42371927
5871426
553387
66117085
20592130
27551895
24508410
27553965
47182135
69039838
25565930
34123655
90702233
13403007
63570842
67038277
34586545
6861348
27562346
56518142
55051243
47470692
7916855
52702007
49384177
18766987
93580564
62244288
35960551
18226745
54735349
52743908
14394178
55124324
87402541
69349183
16828924
81729710
29346332
2325778
5779059
38777881
73985746
92019118
65453098
70617720
22230747
45991333
74918723
46713348
13625687
92388628
31417683
15149568
58395417
77869408
76263375
38216841
64861871
43236084
78966696
92258837
4653260
55253423
50595697
33276272
26799905
57094330
5286022
56721628
19110902
28308809
60160689
30714517
12511726
45939094
39567513
53026488
4054576
86810894
87875571
78916233
16137445
15868684
75616141
19748697
94883617
24464853
95487700
83351931
59023451
96128936
51031602
78584257
5449703
97885255
68162256
70313294
13870322
28538309
24487866
97910473
77822906
39339509
7913204
30112483
72611292
47043983
83219903
9347873
26830679
79393296
90297828
1997848
38033767
46110209
7727381
44647354
35306710
84799881
70917801
79304795
88175818
30375412
687947
56945137
7470072
31033551
67180944
97553738
22940119
85880252
78114654
61681328
37999620
97481330
12680416
91802335
15953092
53713456
10716741
45708975
88107722
90393278
61711215
80249539
50983244
18338039
43101100
15182046
53771128
40812013
23932618
15896715
50899750
718851
90276327
73352415
13089841
92523134
79312474
58472852
61850204
70138774
21578432
52453693
80900354
53657664
35144082
22243735
52358805
8017534
2769064
45470706
59550851
66674851
59188300
62783429
84984679
9928004
81155637
92799884
75329137
4807504
32535299
36924138
37051383
89020956
95737192
51793725
82185488
10158039
1536566
57118859
23238950
32817714
95633768
81801750
75596441
95938238
3885630
72193906
79758976
60326295
32275787
15259876
43378958
76411744
71024991
85113888
3455469
89580785
85970821
45234607
39642818
10866297
51777770
12093527
73454344
84297296
7132246
88659847
41004739
78719276
33089538
37592107
47237501
95805199
80305432
8772733
98086804
93608913
59337127
91746222
48611811
69515016
17897713
35903485
57499455
35952872
41759417
2727978
21846485
85466659
83627381
16304255
54221393
85685008
77418806
94929165
37990163
88863187
80544426
88488823
39417513
12271151
54391497
1016862
76804130
66804878
78495120
22630718
32538709
76571569
53698972
31230986
56304380
96560866
45406675
40179653
28391229
86931347
63769175
77399063
64757139
63011102
18739781
89036497
68957860
88031871
68894960
18455817
914533
41621252
15112383
37712124
71798488
7033387
18687024
72488334
11635708
35313171
9312837
23431027
25737240
10730051
86653114
17012699
66607143
37551018
56868091
91920953
97265676
83076323
36385211
55633473
91165170
88007656
36393903
13847335
27467446
22676150
44223138
79827878
51280901
82017088
28656740
72723351
16025380
51023958
56830638
85655043
52563728
94539664
67797594
59792294
16107544
54544085
2607289
67717980
81928629
65302157
25778181
53516067
26064080
24325901
39209838
18774159
9756367
98119059
60971729
80887667
17062090
65674129
12644319
28545388
98680690
2000528
86512997
84190435
36660657
33781030
98618815
24548616
46873297
86135709
58980714
36379625
77669406
51904207
90429631
66907233
78570191
68148493
73529658
56807393
56162675
9217716
85926507
69444195
81331492
91347147
15186898
29120324
16974919
96500093
46719784
99616030
26022825
63571211
93295983
89127698
60965078
53111101
15465223
29430209
20073094
31749595
87432278
97829666
56716530
11326785
31324237
72339547
51847130
78046279
79915271
14707730
32707430
82073497
30921893
62580774
12063030
44846104
93434885
67499943
26057229
81456664
99886308
31356381
10696531
33521389
1461160
56731595
50690374
1476009
62281872
58057501
72960060
65336489
88515304
85335774
46210993
35540644
77178026
18806849
54758374
3171856
66270234
80262553
45371489
67927600
63903513
65174095
15253969
73604969
25525097
27306012
68898153
4422708
9387716
11282514
79403442
24952515
97235930
10361
22553577
39119390
86767078
87963789
74100030
75573151
39448823
23575259
1690344
31150141
5983522
99604072
38215286
63388347
28451516
19085614
25757573
71914431
49172827
30643224
6910186
74329361
86457304
16396611
88274568
52348132
29711985
10068802
16300886
9567305
50725468
79604236
26864903
65162439
30149538
37932507
77474268
27857449
41869852
94704113
84419152
79404398
29586045
48671199
67484035
39852412
68593365
17867139
45374351
78929590
29545612
48809639
31499925
12670485
78663325
17252995
2072322
995786
93103535
44955463
84976667
55187303
11632469
32179409
68873292
17393036
9885624
95936067
72725263
10848527
63140247
84046687
86585325
5015040
72210026
8422450
79964341
52166846
87802782
58761512
44457462
70110193
98149691
99561297
64631118
69909984
29640466
72113734
9956977
56141304
31975282
94595170
14915955
20476226
51838858
33671414
28885004
52105890
23740242
98700564
88623170
63047732
7316789
36352977
15775065
460045
39609347
34708447
38214269
43772318
98003439
61016792
6936273
29379721
58346189
16538587
36260614
84587536
30695603
38832327
34539108
49260275
86119638
89467227
90083313
70541120
33384985
29080454
93362544
71663990
77102826
71224571
98438295
13696790
6065951
56875653
17649865
22091302
78381164
36420590
26837916
1697545
37749163
97373797
84972859
69308839
8206663
29690566
71770730
85313745
4819797
95661273
58872560
54693358
84576665
57926918
19240025
60106401
24178784
75784614
78483120
53997411
99352483
32646840
71167883
67359585
13668252
86966757
90180735
58919317
22828956
5490776
66796419
30010255
26972750
94868209
38823217
17533483
68121282
96468235
90149638
51015793
52395902
10747729
41837181
5831272
52235003
54159573
12857445
90900318
21184166
22198336
13990722
62304742
74896975
64913847
42575240
49995015
1910099
49870946
26131877
4945119
5651167
7330056
60747475
90930591
34809699
18277376
11783906
35429861
79427098
36620882
62454824
70210884
26837642
77752675
43326432
3204954
90454448
68048845
72970781
97648738
94652525
52748726
68848688
57251864
71817141
14083785
33024724
51766103
23331189
17676022
28777748
89888999
29237965
15504426
28215541
56892603
49173873
82245431
47555059
7517781
18143576
5332955
58739578
48735730
22598940
38810124
35378193
69681586
86999647
45923330
15874152
11622348
24148185
93675255
9718560
60019112
24331824
1183986
59816678
11094222
34304451
93951086
23741745
21779350
48410253
64347400
64718903
40988544
14831616
83413890
